8
10
10
10
11
9
10
12
11
8
8
9
11
7
13
7
8
11
8
8
13
12
11
11
10
14
13
13
13
9
11
7
11
10
8
12
13
13
9
13
7
7
10
11
12
15
11
11
11
8
11
8
10
10
9
10
8
9
11
10
11
8
10
9
10
13
10
8
10
9
9
10
10
11
10
7
7
9
11
7
9
10
10
13
12
12
13
12
12
13
9
10
13
10
11
10
14
10
10
6
10
9
12
11
11
8
9
11
12
12
16
15
15
12
18
11
13
9
7
13
9
11
12
13
9
12
15
15
11
14
10
7
13
12
10
13
12
10
12
12
12
10
10
10
12
14
14
9
14
11
12
9
10
8
11
12
8
9
13
12
8
13
14
