56.198780083349874
69.55578578154189
77.64380103005685
84.80987245853078
86.49246758375031
84.6776938338618
85.5111135623168
87.76149556440896
89.13566079429647
88.32976432231627
85.96031099210491
84.19719449898555
85.4996985516235
83.36054499566639
87.09227247470628
86.16353480420699
84.57009498120945
86.38124229999075
84.97919372134315
84.31400487322239
87.36820205974912
88.18259417369504
88.16416650590047
88.13359643912337
87.69554515852647
90.80551211324705
92.8594538637958
94.45366076043322
96.37284648590037
96.44320601912587
98.47920854564671
98.25784204054618
97.73987213129548
99.7557591222311
95.81712970368412
98.90964240905268
102.80368931485444
104.03362745625736
105.27303659587956
108.7765894131547
104.8153197024279
103.780681527499
103.66258874090718
103.65041789229886
104.89628727002341
106.51695282474411
104.68537337068298
102.925540768534
100.68524641389757
100.00370728713759
99.68772357362252
100.52348711258239
100.35564758065286
100.0422083821027
100.93189853121198
98.73508597906121
95.48351012078587
93.3606813450689
93.6405313173523
91.06317994320594
94.07952721067353
94.44490399815693
94.92504529064455
93.34084534446805
92.57945448621213
90.31478541505673
90.71029884193068
89.2485291733551
89.33424572327816
90.594319057826
90.14375612382771
90.64105124170567
91.19421958852381
92.46017621715187
93.69570128897178
92.4776948456717
91.61959545306574
90.2015271743044
90.92231148545592
89.58507534142602
89.18531866295771
89.57060891375525
88.45242454124488
91.79270341482848
93.22122503009767
91.97718445447398
93.38147228036809
94.56062965934139
96.10318270076877
98.46581557050793
98.05753981579778
98.93657105352077
101.13927957470628
99.94997350001105
99.79838209309463
102.01381013591327
106.82873597690609
108.83286248180116
107.74501706899635
106.49930308259873
106.16735240017894
106.70853156468482
109.03648699618104
108.11432643872695
107.76812890459591
105.55821456334488
102.54218789775268
102.79075799256611
102.60010928044963
101.95201941593243
106.61506496538827
108.36612163362933
109.56587236250209
111.55398345499695
115.89793497545574
115.85035313252574
114.07536300196098
112.18327047106698
111.23335017576817
115.76304857040415
115.49366500328556
115.15452074462257
114.09430813079885
113.86953211458554
112.3473323761702
115.17025440752374
119.33126636638227
121.76099572194126
121.19014126413944
121.27499889165776
117.08624758655537
112.1402321347305
111.10911787431458
110.05404008146218
105.95381953039495
106.77744613325521
106.56663400769166
106.7049604748004
108.69044152159134
107.32317861552067
109.22266414952185
109.74227597171746
108.71360518329175
107.6868299587812
109.9908001481729
111.67483574510334
110.24240606058451
107.32922398565613
107.60760448769156
106.16741670521299
106.75035872980627
108.42187933653236
104.67176198384797
103.70350119739571
103.53983958331726
103.12215743490253
101.330181938125
101.28180007388023
103.45787668726663
104.37809170813689
101.32931645258364
102.17189134389982
105.17925522505755
