0.00023946964795079894
0.00023323185717021797
0.00022951741677241204
0.0002332819153844064
0.0002376735299972114
0.00023549852291305812
0.0002325202578394901
0.0002316504931678164
0.0002338747222605592
0.00022576854537267744
0.00022550859339093851
0.00023984417490397695
0.00023384236686301772
0.0002283143337163118
0.00023257784998199132
0.00022866333799895677
0.0002394273954752681
0.00022706540537197046
0.00023499896196381128
0.00023037268913779296
0.00023510682441849268
0.00023754116428228978
0.00024054948143991853
0.00023082754797287732
0.0002327966608239137
0.00023327544563301946
0.00023287521952926874
0.0002327960064208319
0.0002265803810360066
0.0002323563332591833
0.00023012982595929548
0.00022853276441580394
0.00023723090837255223
0.0002332794406777902
0.00023461454461612215
0.00022777270461808109
0.00022943242917165468
0.0002270805891787734
0.0002318889496024924
0.00022971056604907732
0.00024416530432125994
0.00022850618851591838
0.00023374387040426978
0.00023381950295398412
0.00023252386754467837
0.00023178924626795973
0.00023399263903485328
0.00023086206964749694
0.00023056335733663685
0.00023429673176356307
0.000237092284882789
0.00022976920265123127
0.00023637525275293944
0.00023627474952624578
0.0002314508967228209
0.00023615157822552286
0.00023474102699929658
0.00022405358481517908
0.00023726013343431263
0.0002292226559466987
0.00023741215689808764
0.0002301119030740503
0.00023281801802978462
0.00023265005390662414
0.00023259363519192102
0.00023280749243696886
0.0002290945450797393
0.0002302030650230231
0.0002326800763754509
0.00022340316327958446
0.00023615125259269043
0.0002325954715573334
0.0002258892768937002
0.00023693810143918524
0.00023644296143802862
0.00023364159810687914
0.00023364173882631042
0.00023566398166656523
0.00023392809812271154
0.00023355303514101976
0.00022775545851654331
0.0002294303885362779
0.00023687144779476304
0.0002333666739068443
0.00023217114036504032
0.00023193939833147175
0.00023275657787613042
0.00024107726684455776
0.00022890740813511694
0.00023495931750147506
0.00023146453625983766
0.0002328030781070729
0.0002268974526312202
0.00023274952472985302
0.0002304284415198617
0.00022937765764724816
0.00023348951813384591
0.00022925925673194023
0.00024048941355686655
0.00023788624052466386
0.00023709792963902122
0.00022396450962362075
0.00022807062988423887
0.00023026502980502198
0.00023018940148147564
0.00023871654044211032
0.00023232094523460383
0.00023670076230144493
0.00023177576501361196
0.00023472862990631666
0.00023489094285078678
0.00023622697831559856
0.00023134392972247006
0.00023146862211986287
0.00023146083868250846
0.00023074869722803526
0.00023547387995389237
0.00023504174883497159
0.00022881381018416647
0.00023040645628280692
0.00023144810385060984
0.0002377897328740763
0.00023709966401906703
0.0002322470930569985
0.0002309088943244823
0.0002319862530325774
0.00023693744776927592
0.0002295547766675834
0.00023077242521741295
0.0002358588474311423
0.00023351217595007678
0.00024327566380172137
0.00022681535903813286
0.0002374068300595964
0.00022915887934367888
0.0002350347184348105
0.00023508556276506957
0.00024422464628432746
0.00023414125949663666
0.00024037781206574557
0.00023807428346305328
0.00023288406438348513
0.0002364147786742981
0.00023277905544606255
0.000234646699299181
0.0002278781780229085
0.00023320657064434335
0.00022815173435914484
0.00024152188299099076
0.00023091283897111423
0.000240451577001397
0.00023547142601017777
0.00023748243453379118
0.00022564489487833373
0.00023393928177971215
0.0002316029294390356
0.0002302594887239536
0.00023602046536058525
0.00022693257541101053
0.00022552143293400444
0.00023572747784934717
0.00023553923079962404
0.00023326996542917815
