56.198780083349874
82.91279147973391
93.81983152708678
106.3080867439526
93.22284808462851
75.60382508441919
90.51163193304669
103.51416957905414
100.1289826333965
81.07669607449446
62.26577768999144
64.80291307467259
101.12974718327895
55.55154876822389
139.3364571812647
72.23246974671733
59.07505781324891
117.17074671927286
59.74231930568646
71.67541675892824
117.2827238138845
99.20063375865188
93.45127817119557
105.69668540841027
84.46182247269064
137.80316417883125
131.5904669440215
135.39830751180284
138.51269714273917
82.48388673900433
102.9858282204084
60.37558297266203
90.7703489982649
95.86928858693645
60.563868810325246
134.08272385408844
136.95599592928386
141.76950954733152
84.53050209813007
141.74647310443078
38.05732959934901
78.50787026007393
91.08942243935905
105.45326843624349
109.37921002718224
170.21647527324495
94.95887786279914
100.20165546882282
93.70681005001077
68.8531042038048
96.666153950107
77.09085375185914
87.41355835967437
89.6005046159333
78.35767179251104
90.146472811073
71.92447876377727
99.31293403299205
90.12750154379796
90.19944562150366
98.38427494870075
85.81540600974186
100.69224828911138
73.76926951271369
94.15139286206373
124.92309385013718
102.86914640027808
70.96626209731099
95.42114104847197
94.05457089476138
87.65489527014124
87.03675610941862
98.47692529603728
114.91963718849422
103.06817322890949
65.78634394507127
54.76249091165812
70.95156845776523
104.5431877668285
63.45472274090548
90.38914137933475
93.52121102569245
78.3285608389041
140.57484698438572
122.72182516744735
100.04228233766361
130.95490291816012
94.5494096767767
126.2722018770196
141.30722828954447
79.48938017593846
104.6173808638783
142.53109571974767
91.13351569458966
100.03634509058138
110.09490480144405
151.0610077315143
111.03409855566649
82.78627951073227
38.54044301295289
83.75012773093952
104.34479431580944
124.88766946882865
122.13163583530417
115.79787448482662
55.84399551264297
70.63436960631593
99.52081157304504
122.45922763469044
128.34543099920054
172.75029116505502
139.63851422869962
166.526110297203
130.8957375444869
186.91537549975683
109.14326794284398
115.56120512021917
73.19224793778625
63.7878736047565
129.1344109056727
78.36245638856734
97.56190914255022
103.68341719235379
117.63611551103804
85.35387971651953
112.3024361397136
153.8546087834865
148.1153986842252
111.04213847865465
130.04258354956613
88.97526506300706
40.71820519220219
145.90382508888476
109.79418168743926
104.91096447841214
125.61580000004957
111.34496260894778
75.95877727996093
103.49749454057512
101.78915278425974
116.35216706859043
107.95414558646301
83.11000142383963
97.10061102082689
131.4332835043532
145.98314807832264
125.20601509310983
89.8517571856578
116.60974851936327
101.23882789999462
100.63410555487245
74.14861732672409
70.90147803519736
90.42896595839389
101.63773219684316
117.26215703175487
75.50545267339682
74.99113999506596
147.0190268083029
120.19345320166508
55.37666195752509
124.80564341278651
143.25727904699463
