733400558.5623366
804265525.433535
679139386.8886522
941001657.2293245
797080786.7278788
860767712.6515929
840871122.3127439
920298071.5803571
966737172.0388198
638442800.9636185
493340551.8487915
669674079.4133134
921721793.3396721
445111988.2986576
1126434508.4771686
627483950.080085
607173044.3500612
969792192.9722553
536361735.2460209
722595785.580692
968912050.2576568
934209512.9484181
797882941.1244768
872616296.4313465
788068527.1435374
1046167717.1895511
1066628443.0535091
1193138847.9303606
968177328.9889306
677791416.9400647
820714976.8717271
652614489.3547629
756629914.296877
754740329.4118754
682583260.404202
1013345178.8254696
967140670.8375041
1040203334.6666641
759124427.3572115
996891340.1694932
535210446.9194793
690788613.5600715
848921027.1343049
1011708534.8999978
776601830.2746352
1193951551.1644738
880959579.8953921
782219369.2867539
688017957.0314144
649625672.2346039
891796193.3462822
689773933.6634207
866516780.4109871
867647102.2850766
689755809.6296458
936328676.4375839
680135321.3885043
744341763.3810159
854261713.0306238
643169113.1499631
891036364.2787166
756218904.3116202
904642775.9503771
644586948.4948838
911752527.9300606
966424715.6422852
839897556.1152912
730726858.9989141
874104032.0383613
684247328.4745008
781402952.9845748
653485365.0760834
780596190.5494202
985490126.311046
900588029.4564835
635361475.1062663
589380694.1825632
742239850.5850997
843676228.1692408
680067593.506963
704224596.9301473
660538957.7816027
687605926.6984881
1119833704.2658565
1030448574.8607726
821824562.3248444
1149823857.4172513
947860002.7128464
891158348.121859
1180377959.6607778
749504053.9437692
895810904.2900786
1029466762.5763135
848408723.9747132
967717583.1301367
783801165.9298238
1189569895.830745
830969415.6982155
876326903.6256202
421044071.2079243
863278240.5221543
777627614.2943292
905712520.1705303
998127303.932892
914868949.9535464
725701437.2502916
623247774.5512942
983977137.6800513
1014568342.9120045
1167895779.745352
1355591462.0710175
1297679795.904015
1318166391.4298651
1076508268.162017
1299707713.3768084
932676183.2798727
1051509112.5906178
807323681.3311195
620975882.4762233
901285116.7176741
642348022.2765594
916174456.7625666
910476447.2213689
859576923.512094
803178131.345977
940194274.4413525
1291310481.468263
969890456.3953259
910843444.3764728
1101037260.4844134
761811810.3950293
645748130.827734
1037198702.5407493
1052731069.1537355
909626633.6012398
1139899473.9752047
982643762.7252742
895202198.0166804
913966506.202464
1064614492.636176
1039942287.5498155
805351313.0864729
782984137.5766032
877308906.5443308
1121045986.3864994
1005245304.3862417
1015787966.2145174
696795221.8817258
986513407.0702983
843323320.4081593
1068573730.4510667
692497563.9603764
787484351.7488055
734008522.0399617
921024536.8077636
947379374.5782326
716136193.7825569
793071937.761004
1037878276.1767851
871424133.6083905
560856090.2663789
1061783606.1760678
1216334726.6672971
