0.0019157571836063915
0.00233231857170218
0.0022951741677241203
0.002332819153844064
0.0026144088299693254
0.002119486706217523
0.002325202578394901
0.0027798059180137967
0.0025726219448661512
0.0018061483629814195
0.0018040687471275081
0.0021585975741357927
0.002572266035493195
0.0015982003360141825
0.003023512049765887
0.0016006433659926974
0.0019154191638021448
0.002497719459091675
0.0018799916957104902
0.0018429815131023436
0.003056388717440405
0.0028504939713874774
0.002646044295839104
0.0025391030277016505
0.002327966608239137
0.0032658562388622726
0.0030273778538804936
0.0030263480834708148
0.0029455449534680858
0.0020912069993326496
0.0025314280855522502
0.0015997293509106276
0.0026095399920980744
0.002332794406777902
0.0018769163569289772
0.002733272455416973
0.002982621579231511
0.0029520476593240543
0.0020870005464224315
0.0029862373586380052
0.0017091571302488198
0.0015995433196114286
0.0023374387040426977
0.002572014532493825
0.0027902864105361406
0.003476838694019396
0.002573919029383386
0.0025394827661224663
0.0025361969307030052
0.0018743738541085045
0.002608015133710679
0.0018381536212098502
0.0023637525275293945
0.002362747495262458
0.002083058070505388
0.0023615157822552287
0.0018779282159943726
0.0020164822633366116
0.002609861467777439
0.002292226559466987
0.0026115337258789642
0.0018408952245924023
0.002328180180297846
0.0020938504851596173
0.00232593635191921
0.003026497401680595
0.002290945450797393
0.0018416245201841848
0.002326800763754509
0.00201062846951626
0.002125361273334214
0.002325954715573334
0.002258892768937002
0.0026063191158310376
0.002364429614380286
0.001635491186748154
0.001635492171784173
0.002120975834999087
0.002573209079349827
0.0016348712459871384
0.00204979912664889
0.002294303885362779
0.0023687144779476303
0.003033766760788976
0.002786053684380484
0.002783272779977661
0.0030258355123896955
0.002892927202134693
0.0027468888976214033
0.003054471127519176
0.002083180826338539
0.002328030781070729
0.0029496668842058627
0.0023274952472985303
0.002534712856718479
0.0022937765764724817
0.003268853253873843
0.0022925925673194024
0.0024048941355686655
0.0014273174431479831
0.0023709792963902123
0.002015680586612587
0.0027368475586108665
0.002532915327855242
0.002532083416296232
0.0019097323235368825
0.0020908885071114344
0.0026037083853158944
0.0027813091801633435
0.0028167435588758
0.0037582550856125885
0.0035434046747339783
0.0034701589458370507
0.0027776234654383544
0.004166295096285152
0.0025382356695083878
0.003061160439400601
0.002115375739514744
0.0016016966712891652
0.00299528393167649
0.0020830329346554887
0.0026156870616148393
0.0028451959682288044
0.0030192122097409805
0.0020781800489203407
0.0027838350363909286
0.0035540617165391386
0.0034433216500137508
0.0025384966773915425
0.0033020238640359923
0.0023351217595007677
0.0017029296466120497
0.002948599667495727
0.002848881960715157
0.0022915887934367887
0.0030554513396525364
0.002821026753180835
0.0024422464628432745
0.00280969511395964
0.002884533744788947
0.0028568914015566394
0.0023288406438348513
0.002364147786742981
0.0023277905544606256
0.0028157603915901722
0.003190294492320719
0.003264891989020807
0.0020533656092323036
0.0033813063618738704
0.0025400412286822566
0.002885418924016764
0.0021192428340916
0.0023748243453379117
0.0018051591590266698
0.0025733320995768335
0.002779235153268427
0.0018420759097916288
0.0021241841882452673
0.002950123480343137
0.0027062571952080534
0.0018858198227947774
0.0030620100003951123
0.003265779516008494
