46.880730190046144
56.7026774962891
51.79025960111523
43.20525558697237
43.43259778876727
43.41195899280532
41.75454826414285
37.92056900265616
39.50777048607578
37.89044126175983
45.39351068285719
44.614661844406214
46.50227167017441
44.871648044804786
44.45173679102345
45.41508051172597
44.57291983879827
43.52204580501254
43.3295377852192
43.17940185876663
44.33777454166358
44.58591752674587
44.88536036815865
44.98057222647915
45.376563321624296
46.92396422124462
48.455404080318814
49.42235952436717
51.013133527943324
52.52688748674645
48.06537414021297
49.18321502882399
47.34443081418999
48.7219844360511
49.21704503429968
48.36243674715659
49.381676215294945
52.612512538753506
53.64969373998165
55.08921610174606
55.352874427201655
53.17534525303064
52.29641774677591
54.69467454817893
54.706486434897876
53.50577490125289
52.658320087542585
53.779869586391705
51.861158463338676
54.31762976059622
54.8976712695414
53.95038807329875
54.71056661250309
55.60898147010464
56.46660418551367
57.47284581955017
60.69219093618235
57.45071369150416
56.84143856991344
56.690696861507845
54.547081145096264
55.29650061152298
56.07848740606322
54.56375828255868
55.424295958814696
55.92533612597987
55.3077980546935
55.97434924846349
56.733032742705085
54.35300441655609
53.48696728393453
53.751556523547734
54.86691623370399
54.83899319789013
55.636264475477674
54.335067680225244
52.81822080041368
53.693173437587994
54.73200916019406
53.971791433254374
55.62976069507547
59.25363730715998
60.22848465660206
61.72996652784085
62.10047612276473
62.428513343530554
63.10663835492534
64.22772810865565
65.51308763519911
64.80470471126031
67.07011198431084
66.76538331271696
66.17675808220038
64.5764389488675
65.51996137236574
67.36886988738124
66.54632622208086
65.81951790668238
64.8374466135103
64.72401112361663
63.73053107396122
60.419396027501854
59.12354240346124
60.13416097185844
59.77415664234352
57.16719404876899
57.398599750205435
55.39722070905874
54.10355504600282
54.19970324021112
51.97173781489206
53.16453516800069
53.30906622248757
55.88060250409336
53.29466141933369
53.4717709658526
51.93770810548491
53.3192593688334
54.73035084241792
56.19342557572693
57.17518869056685
58.20703417551639
60.945217075916844
61.825162062959365
59.13816591416564
59.970562971803396
60.47929876944896
61.2634902136636
61.344044461105035
62.21610648086282
63.25674172564442
63.34212012886947
63.661866486727135
63.177377110260394
64.17683125964002
62.71658755713041
62.77642348148495
63.35806307184913
61.5400069032674
60.838748451440644
60.375849080479284
58.34882730940325
56.155278843339815
55.51510318407437
57.309825309155634
60.84027403473036
59.623317742729
59.11829505870469
59.308665701176174
59.081045870808474
59.49898072973756
58.62680027536669
57.41402724963766
55.179381564122856
54.27353213067793
56.19393043677676
57.63810219430535
57.136595261150504
57.51739609104355
58.32201699202678
58.15847085324909
59.76693368743226
59.88582601719254
57.522002974239605
57.68018372420706
54.68276872911328
55.09802420189544
55.90084337754873
56.5820144279365
56.49670191491133
57.15619286828995
57.68725727787834
56.92276096560344
58.47912081548467
59.01549965159445
55.97175952043227
56.41547063920084
56.26794977236788
55.084156047620596
55.124271125369035
53.731013491382086
52.96658176550302
53.08125939967647
54.33145565609824
54.551246368303325
55.332364448045986
55.75377661689184
54.80638005337771
52.50238831783973
54.187833416833506
54.13024452902588
55.80966988966229
55.72454993211646
55.65252346079042
53.480885475284744
54.67943011744491
54.45088588676515
54.27789007437534
56.619942624370324
55.05389696694205
57.23068028843238
57.18234880941187
57.3098050655909
56.6188508549768
55.39587059744777
54.350771987083114
54.531978696871704
53.50205809155801
56.29245724720172
53.9842000363487
51.933782642529685
51.002877784578615
51.88066698405439
52.20183833874786
52.56344331577991
52.714032323211015
52.90570272678159
53.92406674182172
52.214808692347404
54.71063717305204
55.429025333590836
55.483912455863404
56.36096087317431
56.9967602940528
56.67014464785852
58.572257787613104
58.41085501466246
59.3227281802139
56.46431238498965
56.94908722488714
60.56329693596918
60.40027704226569
59.98283843356776
59.99278636727289
59.93958223862878
60.31175487466555
59.21996525179488
59.36030471343258
60.91359587489868
58.67311633510833
59.27300737637768
60.219406298538125
58.912142679062455
57.25820048321672
57.57526101337935
58.47268088498229
59.51345720741747
62.66972340767596
64.90584063144955
65.94166698643717
64.81317287494036
66.94251430202446
67.4932980722761
66.43844750511649
68.62345662013021
69.83531537814088
72.71587966488049
72.25610653328265
72.56385640006621
74.22282862933177
73.72763336374284
74.50177015107747
76.43630841243694
77.7919513737639
80.34335745427538
77.6712573709753
77.5389420334869
74.98213307163428
73.60812818026994
73.87155960680738
74.62765523528974
73.01914809774912
75.10172639223573
75.55445868018425
76.58511439596882
77.76820939271411
78.01856070248135
78.35586420568603
76.46011802047646
75.47803575928172
73.72110101260816
72.60604817633207
70.55780631661193
70.81985240524985
70.69759756702969
71.73032083956595
71.28549525799626
73.9182034299698
72.378330001836
71.8046299334253
70.54327734129848
69.8383246134501
70.0322955566614
71.33234455586481
69.66901807770674
67.2634752323506
64.16548430470652
65.21877151360538
65.97060561960562
67.63635047761917
66.93442994054627
69.01194439200927
68.7995781485764
67.72091205350586
65.38219305243773
64.99559599603673
66.20692670421961
63.584959100679306
64.85674667898434
65.93035799097129
66.03902137852724
67.39978812221248
66.85993257085931
66.81495557044809
67.1475047215936
68.52976847588978
70.62424957352326
68.27038613822555
68.19916668196319
65.4088831959335
67.68343189810668
66.30253805603769
67.57794428882445
69.75500989467409
69.03210120804182
70.54999851879015
68.67467361445917
67.29011940508647
69.38014760357186
69.8221836047698
70.90083627712961
70.91844832400031
71.87672835770697
74.15288857285104
75.50818873151903
75.85305933695375
79.05995759911403
81.6113765450746
84.06110278603343
87.13764620356493
87.0471785157796
87.1072997063577
89.01784100682485
90.27130948078795
95.76739456742737
97.14634174008377
99.07040506488241
103.06130188470873
104.0386643544319
104.49380323752769
107.17416327964963
108.11758308977593
110.34918929141936
109.29238291241845
110.10987356633738
109.89531695924407
108.81595998387215
110.86235657528161
111.02752664310114
111.76316841526818
112.07291227112034
112.35709155747938
112.13713662219077
114.07215130813293
113.84617096381525
115.19934532231125
118.29645595376519
118.2077593650778
118.21491918688659
120.38710812526668
117.35123739296714
116.7172174907543
111.31841773157055
111.76383532552002
112.95458900109824
114.36342327569233
108.31181723274862
106.31891101318772
107.25329538062347
105.9607545224359
106.40649445467409
107.69513975127454
107.08163713268277
104.22370971975458
101.77646010228476
99.17908356103294
97.63031471974611
98.67053792154674
99.85001929800191
97.27566388800092
97.4995617432189
98.6584131079966
100.2534658722677
98.45499430492572
94.98352971819443
95.14195858200752
100.24576859391388
100.29734505321775
100.96240580683815
101.77462234604171
103.97852697119076
104.79154995386098
107.43049648744913
107.76814410199638
109.04672333060857
109.72353481763801
109.77114218901879
108.18033301336872
106.71986284685752
108.43769625869727
108.16279251499563
108.72736017449161
112.37029302466871
113.61224622780476
115.18365425153983
114.66560818763233
114.90808727545797
116.7777367787199
116.73024261904375
115.94762882443531
114.9367935047508
115.81557516322678
112.59026352472615
114.94714525970991
115.27600323439216
116.81695089826474
115.79744570480591
116.52954477762827
116.95147643703017
116.91010080430578
117.29864412548088
118.57952210461455
117.5072531591998
118.1917300556308
119.98370283153676
120.15159947022224
119.80685048666408
119.77391569271217
120.44365627207087
120.78052914447885
119.95329616736669
119.27882973556282
120.82438539627506
117.86460625600228
119.42696158175579
119.8495711914712
121.60015248535515
122.65055271232725
124.1557306076913
123.1984958495644
123.87217559162104
122.25933972094097
121.66936481389288
122.18891195028769
122.3610203423644
122.62039202201375
123.2160656226134
122.72609511130322
122.78165340496557
124.735064697333
125.95427537322325
126.57069658912869
126.92719088609621
128.4474096499182
128.65367280078013
128.8936171741886
129.04432960712205
129.3853349578672
127.51337524878151
129.93736749399812
131.51753474507436
131.96037781194963
133.30224884564876
132.76112338834926
132.32853195510418
131.26947946843777
131.7412232482774
131.1835015152237
130.46495140545738
128.2021603495445
128.09482474007723
127.12763827634451
129.27775232257184
128.1450155274486
127.8994510213809
125.49864183401728
122.32549062044532
119.3877491881359
118.10706685038902
115.69252466807646
116.94210876638218
116.17418064190576
117.13673660319299
118.45229734779988
119.98366613925073
122.2615733124954
119.78821852225501
119.95167114593103
116.74357282749926
114.8261710817759
115.27924533475962
116.59079103373556
115.99804137381946
114.9493491889967
111.3314883103307
112.03258641424668
114.01089172235224
114.36988462930347
116.4685489112452
113.67203877608424
112.76937504977316
113.44812298809374
112.68009823818215
113.36757826750029
112.26849400574663
110.46183988254026
111.58255465274814
111.97691854535893
113.74628517499814
116.74175116002263
115.74217387565719
113.25827484487031
112.08176043134469
113.5593520844601
114.95696520172108
114.3656802532665
114.85084796176557
117.14924413517488
117.6830023900628
120.01232480733029
119.60722137353619
119.46079312345273
119.00629807048674
117.76965497051349
116.66824051697954
117.90006917445866
120.21782621767083
120.96432031701633
122.653003478401
122.58296867632934
123.57927031786294
125.04304617928639
123.83981901072998
123.88234488421328
125.5808808813249
129.18301904309573
129.60232639549923
128.12569860737773
127.56460937065779
130.15329090684855
131.08973576773874
129.57804386996156
125.59494680555937
124.89203301963036
124.71212264573039
122.20593586699799
120.52644055264723
118.7406072704127
117.68749254034648
118.99685544148352
119.70253236730942
119.44129452413249
120.94549356504812
120.8758439727768
122.09657360657756
121.2533476167439
120.47899301656825
121.88707884878716
122.48736518369272
121.70417294036599
117.7840992852106
118.60094785665595
121.85311118640243
121.22812770507467
121.48744604168203
122.2253838491664
121.92186713285219
121.65550366088587
124.12910640295429
123.6417075332196
122.1702349817823
121.37182413767425
121.3952645845479
119.88792348945753
118.37133867188895
114.74685254113099
115.13809935661932
113.41888986968097
113.43408108768001
113.27741537257823
117.10725699263537
118.05684168135967
116.68092016345915
117.09956247369016
117.99124803090186
118.68573502286597
118.7021458991577
119.96583546906865
117.9781844359319
116.21073511910424
114.12262279861083
114.28789717009258
114.18338018251077
115.25568862757954
115.91328528471828
118.40068095064336
118.07888635817531
120.7969601777135
119.99369111851297
119.92450323417947
117.34107086735276
114.65816949061157
117.84760599066792
120.15179330778167
121.36905562922911
122.4894115090633
122.57776754588755
123.72460556927624
125.57572995019333
125.68498994958216
127.29505707201444
128.15948638189346
127.839520245318
129.40702823815968
128.95010388343852
128.90358250266294
128.44070537436
126.052300084011
125.50798765073077
123.50371117717665
124.93490879482988
125.5800378157414
124.03109160736918
121.54522771810915
121.20197520665818
121.7600287647754
120.65952755598705
119.34764667534009
117.65102009356337
118.20804875304684
118.19989633646082
119.16054556238585
120.02037072108999
119.2473087520307
117.62972817072003
117.75288422263154
119.76539048098964
120.61487509465435
121.76962449220699
121.95005770339313
122.89848495060578
124.91427888090337
123.76291731268115
122.51313234027698
121.8817160441591
121.84579937602462
122.10695688784872
121.56976095907426
122.76096688719913
122.8032590187913
125.22163163615619
124.79853513649157
121.94550825735868
122.60008764795312
124.93087919466309
124.31517008329584
122.63180836197316
122.74115690030101
123.48353958866315
126.19375654369215
126.42511925991239
124.32804131894878
125.2049785443811
127.26318752156833
127.07304586258665
125.88483011577269
126.59645038558138
126.52938380378573
123.95848572827317
124.49182144364275
121.37318241198668
119.72701628377554
122.04691551180409
121.29983886392142
120.42867071357989
122.22898246154539
122.31961669375588
121.86675823409026
121.6950464167553
119.7460806646138
116.51666560091397
117.75113866444644
117.3100115439523
117.0379335050693
116.98419122531334
115.76220657219287
116.57595283684869
115.69068422631112
117.41317882592345
116.76810638237293
117.72633058095364
119.35075613337422
119.37655398067996
121.38694267376718
121.80833209060854
120.00982557263396
119.72244833025609
119.70325273064273
117.9169524323313
119.80378148973907
122.77883401313917
123.78570255399816
125.95340351824828
126.01646055259286
124.48740056696474
126.34966924965113
125.0101667914646
127.65216439448473
127.78430702712019
128.3619028470002
128.96093560927605
126.83072203016434
126.81760919525263
127.17191107371255
126.3240310617819
126.51728758890822
127.78902000672204
128.24776622788693
128.721543746729
127.76565411589688
127.002008614587
126.27794507149747
125.71690059638084
126.93271789625526
127.82617562099854
127.5790213032523
127.9528213543523
127.88296198747715
126.05686870317565
125.42871623150556
126.10701116317588
128.27888982362015
127.31140256930716
125.27106176971196
127.22044860440046
127.95566599057236
127.83902393335067
126.94743811172884
129.01707993864255
129.494326289347
128.08173986691628
128.24099907547236
126.75165869191248
125.75028635197107
126.60543126169857
126.6830016967804
127.32661580125337
126.5733659411276
126.28805742369693
126.94888024511428
125.58523345661456
124.68201888409969
123.98311818108296
125.08175210756023
123.67883272731017
124.62554433136748
123.77363418966036
123.86574069231672
122.77407590514697
122.99199100383066
124.165636170016
122.18874973672482
123.20903498890712
124.02853247168098
124.25513540017053
124.20347924542367
123.64561572856496
123.97031936596242
126.73660701972021
125.96122121946249
126.91139902855939
127.34507126939359
130.48662281268537
128.3969574698692
129.77622444395047
130.47460566878544
129.828845479649
130.11200023764275
131.60165914641243
130.4373041964748
131.22224925049983
133.54324320093696
134.3477565711979
132.81309439123598
131.36399246626078
130.08428061826896
129.79949872735006
130.16318701043275
128.3354685813651
130.55141696786927
130.79513400959746
130.27834274852663
129.2411918480644
131.33311201487874
129.80575187356106
127.04574207942525
127.22379820852935
127.57178736140864
128.3264912778007
128.33862624844804
127.91458668020826
126.31539652634588
126.28922732610309
125.63220059341612
126.01601001269228
126.21972962445814
125.35685779180717
125.18233147403473
125.57964510858358
125.90888478991845
127.42583091239078
128.79725394827466
129.0591577114581
129.51412599455477
128.85106065316162
129.48420543175445
131.2984348329842
131.13769049462286
129.18787123259142
129.72144434716816
129.03846466802017
131.91948892512383
131.4152960802866
133.54191007576662
134.6876787584975
136.1750047879112
139.2667033399768
139.36634968940962
140.00410467009053
139.78801069029402
139.6895617181854
138.59892242961553
137.79588637904914
136.95015211397737
137.80886554491227
139.2954433908168
137.9011271608606
138.84547650781707
138.3695298967335
138.51559399324975
139.74727861572492
139.65789580162775
139.08402971846226
137.96083897922588
139.17580694534777
138.107104083409
137.3429751423071
137.30992476587386
137.0995127865869
136.44217596631916
133.24218386498842
133.16792997077044
134.09396049371625
134.8159240865717
135.01145339510327
132.0796027971903
132.77964535646578
130.66528795795728
131.47693318748946
131.0130879972534
130.60073020994236
130.6049392514535
131.0595810497905
131.99964354222743
130.95021662306445
130.34841825694951
131.1334960842161
130.65037617695407
130.47612135617007
129.5239050925334
131.7951003174411
133.8164689645208
134.05195294871186
132.76820291319086
132.4931933146979
135.0831230687885
137.00622477876354
138.08645999151898
137.4591918839634
137.99437247832935
136.9675399897243
134.4971854568298
132.9261098342162
133.6928775267292
132.61182644380057
134.67059891897517
131.60870520304377
131.34717560353639
130.25552925960847
128.4843624109113
128.47832053620624
125.59205582703514
124.71869639832823
125.56055718365708
125.55881705323733
124.94404859540798
123.61897260217704
124.2775129153825
123.181163327069
123.25563968369867
124.77206207361084
125.4285839848321
126.5244591543374
124.2229995861019
124.39759964738774
123.4190142342633
127.27454991418418
127.70800243945241
129.19770357824277
131.1008601257743
130.08104740796026
130.17786184396624
129.84774997714626
128.6934785658912
129.87884846066055
129.6352979626378
129.8866780174494
130.43167990342533
131.91072189785152
131.31781218019736
130.72128533953912
132.1536841550597
132.95757323773734
133.83314306432538
132.31301611884703
131.6456873910091
129.1020170693909
129.33959104404448
128.66734635126434
129.9107526662767
130.31578184093365
130.59407783773628
129.84130088151554
128.6943829892603
127.98210393975337
128.4265879690915
129.1471005846625
128.44551324035854
127.4614351839931
126.73331394851917
126.50617002478796
125.34842427923806
124.35976138897698
124.91665032980602
127.23995181806693
127.88629810823417
128.1118545516771
127.84841586302011
128.6562809018088
127.77940864682157
126.74163581993518
128.63669011260535
129.266751039011
130.96400141292042
129.96476508091334
130.70563810612117
129.26916602693112
130.39909763964613
130.2025961708561
132.42741946665913
132.70921469927669
131.6170546357255
132.80471553920958
132.3464184652417
132.48507148670245
131.68990472125816
130.96052442367807
127.48099108094996
124.98708329699625
124.78916008458516
124.2721312677522
123.41816833609778
123.52026851608396
124.23173571529226
124.49951651527024
122.6712891923218
122.39650798397356
119.92035160133068
121.37710756207312
116.95461735492229
116.83559982208052
117.76482181743157
117.40650296255819
116.62810773304
117.23324492908057
117.96641801146764
118.88239174831801
122.03716032274562
123.59959025834902
124.3138225440425
125.6530402231202
125.27099016115103
125.65629909998457
124.93805323176477
124.8691319821806
125.6275879800116
124.907932139856
125.70340434793164
124.05176427235195
127.40964528388254
125.59628536586911
125.0505168586154
123.45473499714062
125.46062549927782
124.0727735799671
124.11189150613002
123.04473108681243
122.39406502890154
122.20516483209451
121.63890000680112
120.79435709885112
119.15305150809058
119.81656401789382
119.64465445103849
120.03203555440587
120.38137542395407
120.22744977287373
119.59398634228418
119.8902663652422
118.87395631100478
118.34102041246896
119.14820079977112
120.3485337613392
120.10362536279293
121.51827354339926
120.55362324161194
121.13278054869917
121.78597347643972
122.2013647163682
121.67965909272559
121.29069558238022
123.74202451649754
123.47441128642939
122.72278767399891
122.03488285230074
121.31084127523232
123.13275103070627
123.08971381779895
123.82656454466989
123.61674102423868
125.98836819647754
125.20391406602894
124.22913875992064
121.95004016059166
121.31780975101124
121.39316309467117
120.68533065412586
120.60180770203871
118.39496396821066
119.46207497730575
120.19725101342809
117.08087388994898
115.4299440835251
116.03059688412952
116.83675067139913
118.34635779767527
118.79152789315904
121.49620639423524
120.2208967490507
120.85024304698774
122.05837319040188
123.49955341653776
124.3231860898732
123.70049103219819
123.40963624704179
125.53097753424888
126.06580813250568
125.95905674670789
127.9075018951499
127.90037355816348
128.0363583522491
130.1599124630325
132.31991843531603
132.4043952358057
133.41160252639855
132.21620214324832
131.4858497689408
129.9769497335927
131.5240046545294
131.88012283377515
130.53301802196717
128.62282209572132
128.13579993002708
130.74187972816563
128.7817046071418
127.6936756403529
127.63434923946798
126.58641225959555
125.71568990407884
125.61781753151358
126.2159329183315
125.66533480627697
124.69707837331377
124.4596109041036
123.73108872694164
123.70083878406845
122.11544968541038
121.87674508306502
122.60269980385392
122.67227210022823
122.57269054501515
124.19774954448374
123.91724660643881
124.11016538085296
124.73891278954152
124.26541368118596
123.88039707058822
125.04572894742205
124.78468246687282
124.93894258812338
125.75390450803334
126.85930333641443
127.77143813084447
128.66282207305068
127.6383064114785
126.7171795503536
128.66757189076492
127.79317079331216
127.38994359608864
127.25129388662167
126.27542078705076
124.86474336956135
125.81868076318315
124.76643842096703
125.53425529632443
125.2763410763883
126.7656011561058
127.91310764866037
127.1375692304492
126.59901537283736
127.03360920968478
126.59009979473944
124.86320226551604
125.19952233699799
124.39172933222267
123.20299374909246
122.48689412717837
125.03475861281302
124.85705497894926
125.76526706486796
126.88458104220956
127.53738525455078
126.9857677879276
126.75557537386798
127.50728486107178
128.24671867239786
127.67582149794569
126.64945535106361
128.22003734828616
127.3222216173391
127.16678356840566
125.97795229746426
127.84942259262975
126.86690729988352
127.07156535523526
129.18675412076365
129.40284973555146
128.31429780582823
128.1988220553113
128.67790113538382
129.00199718080225
130.3983596256693
131.10380658361672
132.19450808842834
131.04664729906466
130.86945291682662
131.9635765291344
131.23158599743843
132.4724264746891
132.11991043967114
131.0208234462165
132.2431489913869
132.31828236424516
131.6595764621692
132.61929163094493
132.8350490085453
129.9155579871069
128.36982000576043
129.07906681999208
127.5577962244693
127.62086151730895
128.11793079447355
129.0808532404722
129.0196507823727
130.86474932596752
131.52091786546902
130.3831576173242
131.80704727329424
130.93570511058005
132.54985730808033
131.68484380213903
131.57182619323098
129.36052437405849
131.11727982422312
131.3466025937906
130.03853475896784
132.88160800107053
134.49470095900972
133.05729106282004
133.81025408473278
133.62853646369985
132.1266470279719
132.55090523863348
131.80457033205022
129.6912572004208
128.16140649185098
128.34930453825547
127.03343014738034
126.1806406161451
127.11287280846844
127.32478892257636
127.15242459520194
127.03986031651547
126.46894987471788
125.38137698084165
126.45788995202857
124.40122647065638
125.28800802712608
123.94362102162438
122.52589954236673
122.87346418713351
121.79668533633726
120.21055444605187
120.93866993383806
122.20268440977668
122.74745808192893
122.2594571009508
123.21587508523604
123.87831529226017
123.0286897153491
121.91743542646483
122.46293867858351
121.60114681883017
121.45260086885773
122.68355006518289
122.14620267896899
123.73500534331936
122.45403831663134
123.05346701116817
123.85556486583891
123.79369277255894
124.22500226177533
124.44161718851078
124.12320402068727
124.3196929083791
125.15645274338155
125.97599229475318
125.53613483776033
125.0545543565598
124.48539378519786
125.27097615780913
125.71006026812105
126.83930348394861
125.83907780112197
127.16151970765154
128.24044583189894
126.92196384191318
126.89804991089065
128.46965980133243
128.20477853812855
128.35934213526903
127.68574385714149
126.69426920829976
126.41188518621243
126.18371927512624
124.69244888823945
123.97264316158684
123.38998781114383
124.69855290838828
125.18699478848634
125.75121115522003
126.15435591525019
127.07758734385595
128.3564091232343
127.17810024335495
125.52450553492899
126.08603892712024
126.0765994618639
124.36519230401136
125.31607788220913
124.83746051809673
125.23229913544756
127.06764578439875
127.96582703983741
127.21603816219822
129.04472673415887
128.96052940209285
128.42715640925744
128.53100224169935
128.20607341816975
128.55837530303637
126.88810923663979
126.24092670891454
125.52061292302551
127.11616989328056
129.26574937067872
130.79250114435317
130.08192237070108
130.88520015645312
129.5536904347232
128.50797109544226
129.74171596704258
130.40169087919423
129.37436065939113
130.32493601317657
130.80459344480124
131.98058451019938
134.22662295075244
134.4347496208034
133.9080735879667
132.86429688960487
133.84332911163872
135.20661129152745
135.66459406602735
132.3047280707248
130.35589467558515
130.71032503471957
133.35124499316663
133.76782596331404
134.49232409487612
135.61437645364788
136.233508499736
135.32304511761083
135.50799062814295
133.97021354073428
131.63128508326872
130.04404645777188
129.54188251569775
129.5480233102042
128.88234244113417
129.8160800177038
131.0986418713824
128.56318781250093
128.3347022878749
130.26527174748156
130.64957875803015
129.90098650402987
126.49798784299512
127.30002322845378
128.3121474049686
127.35256934977758
125.45359020992575
124.08695715212234
123.04723674832148
123.77762708455312
125.14292515497914
125.93342910619408
124.3482768951729
123.894732582595
124.74530367455127
123.4851390387062
122.39260391988903
125.40284467403833
124.98580985165412
124.77483164157903
124.65532391278632
125.22431111293966
126.78350528750244
126.72903690904782
125.50314758078657
126.32937799866754
127.85199920399218
127.95242100704522
128.18478693898174
128.3835322767254
128.6153578252297
128.90676342294014
130.0291938416276
130.19450814895887
130.149553413095
133.5874488603559
133.82975695294235
133.29037632883094
132.19122508011114
131.69519789050872
131.11887509363916
130.72412715257792
131.30623042812692
130.74013015607449
131.63513271687916
132.48234051416796
132.2332930833577
132.59796138806098
134.08529900877662
134.85433167874743
133.20998977930054
132.0661871974747
132.71387642522637
131.72352464859532
133.1893400137335
132.0264697031949
132.5576075234436
131.4809758602918
134.66803848658145
134.74595106214662
135.84142921712953
135.29224478251876
135.0668399484928
135.47590817506833
133.21875799906826
131.76323685890188
132.523110637288
132.5074304137192
132.29954118854278
131.60361382315685
132.34654467607575
131.5104039311391
132.15246976131303
131.96356979193845
131.49045573031322
132.04621392645444
131.04088796626178
130.99805423279352
130.3605268716263
132.17274743614627
130.99471391043045
131.0550533853284
131.603287749452
130.65177023924954
132.26847726344417
133.28219192687845
132.6437216307308
133.90748187871887
134.2492003091819
134.09421929437696
133.6935261630701
135.56852866219964
135.16452847298308
134.84550208065554
133.73987323922333
132.00705457719712
132.87573312500712
133.0164457507752
131.2497007546503
130.28007149906142
131.8439865697666
131.87677885589352
131.96549748467618
131.59124676675265
132.30108944940406
132.2788392009468
132.05990653823176
130.43901711467436
130.4830400327058
131.6688310564478
133.54163347783668
133.4239100794421
133.39346203833
135.41444939437497
136.66415755047638
138.43607794350152
136.88906593702671
137.82063554676841
138.15677194380328
138.39379197637288
140.10430904351887
141.23547907744998
140.52056410389943
141.15762825756178
139.991356690375
140.75471085294652
141.48775201791972
142.11364945507916
142.38530008198813
141.7714332390758
140.7876099190135
140.64514386445234
139.34059699400424
138.1917104398879
138.3516473262587
137.64554432174137
139.0005206439487
139.19342508101627
139.988185727481
140.0948925947767
139.07459022062164
139.74737268724718
140.67424604726568
140.90932020624035
143.10851139017433
142.60796761454213
141.81431684545424
142.00971657933528
141.3274281772086
141.80965818341883
143.3452440045179
142.82334191638688
144.45518981705703
144.1973470040054
144.0438769048566
142.51976313452028
141.97846847431555
141.36782763017482
141.0404288316987
140.77909855314516
139.49332398174096
138.21756923267145
138.83313012190058
140.84028711704474
139.0190539461377
137.79739527623573
137.3431109936142
137.77729193739373
139.10318219337324
137.86311713973487
136.2388522965927
137.68743445980923
137.35188083174745
137.67619059816235
136.34324652854394
136.14133596322955
136.7902872489355
138.3055562306256
139.17989088270457
139.3793108749117
141.08966107266718
140.64540009831626
139.03849806689178
135.94091722220088
136.7747040301495
137.28096387584137
137.77038340515816
136.91876109527237
135.69189764878368
136.09989590564865
135.90512600900436
135.25288426497193
133.802358687303
134.01929318240326
135.5496869791038
135.48809368492044
134.8468451032033
133.59405765392845
132.87629812162288
131.86305463658292
129.86719541026903
131.3488784476944
131.8269563802571
133.1840756601664
133.23292518827157
133.9524736178934
135.08666587209092
135.83181760851116
136.39946483846072
136.0889302987989
136.24908823084587
136.91426584593577
138.58739927509563
138.55866164229786
138.78184089867153
140.39681031297874
140.5608660562307
140.94800793782653
140.64542677132735
140.92014646176563
142.1986318250076
142.03184348330262
142.33450178417428
142.09903532139614
141.6680496421821
141.21586939430185
141.68393017547487
141.55297951238077
141.75059732258032
141.6001251940044
142.62249943660413
142.3360601849503
142.35316771756473
143.51397385427248
142.13653971306954
140.9677315220979
140.93433121608982
140.0189375731123
139.9015859790054
140.10766264468126
139.43351895345552
137.27890027317733
136.79721944466084
135.1806402367355
134.7363529203842
133.98502013985268
132.1470235934242
131.71527755570725
131.4749302442737
131.24991727116733
129.9280370965478
129.83504684681276
130.0079140069398
129.71865577497124
130.79505197577024
131.13823866537774
129.1562119000516
131.1896183391667
131.19576487916459
131.93761004518612
132.8281712705473
133.0232808064648
133.26706209308918
136.2716017927021
136.6493425432759
138.76313263845213
141.45718008919184
140.6561799805845
139.32734909981988
140.48310705945977
142.19965976073223
143.40596765440162
141.97566472136558
141.27820932983872
140.59006792585905
141.7949309621801
144.08376065264537
141.70920986875677
143.0259174089336
142.37422873774418
140.22562518238524
142.28644389826098
141.16139860763974
139.22683976399654
138.53864396868468
137.8703853909272
135.4196567149805
136.40526140849875
137.01775171147142
136.48344298367442
135.58969285537245
135.19807360727316
136.39858925063726
136.36760470075131
135.52734142439246
135.2257857865761
135.6981965910851
137.2117464270497
136.5987891167445
136.83706220554217
135.68879705114279
134.92447629810903
136.0054185414929
136.59505121341724
137.06106213390981
135.85499785455914
135.73829426641387
136.78158852804594
137.3668090100246
139.3891384555624
139.30892411614795
138.4055740532177
138.23609743993282
138.40218774128982
140.98935278690098
141.32198981059233
141.61862818833433
140.8388826720796
140.6025186761585
140.4919246159022
142.80751682517933
141.33346928248682
142.43209556967216
141.71001756757215
141.60398215489664
142.61391287551922
143.68663266048014
141.65739830140237
141.16203818863977
141.0483918923747
142.12437758741947
143.69166861481037
143.72770915745087
144.36986307139688
143.8933195195576
143.92490777232487
143.80732691280528
144.0006633480249
145.47218694477996
146.5316745308997
146.5263201246568
147.79043003796482
145.82366200239
146.92793612384523
147.75809997540185
147.92001390891096
147.09591396305618
148.40115423589086
149.33934813073733
148.61039719030833
147.30100679074002
145.53251660188758
145.8404236587104
145.6785670883766
145.1768391058589
144.38829525236378
144.55693051953557
146.56068494532124
146.61469733513607
144.901070681899
145.2828373624857
145.23207979983394
146.1651108662961
146.68594595089675
145.81098623206094
145.27145644098965
145.80523173926616
146.1927301066879
144.39585518636403
144.59316165971356
145.57849572993504
146.61469642045853
145.28749393263826
145.2452884559125
144.87488779489092
145.48054731869263
146.3886222072572
145.08847907749845
144.43546157738564
144.68619901558247
145.07665369968305
145.97206270732653
145.62400193001145
145.7101195769889
146.75060595167332
146.46401025470576
147.05558148101392
146.9632987128414
148.4823175767418
147.8934923880184
146.7667992551606
145.84875640806064
145.54408011794902
144.45648659951263
143.9559863853043
143.72071466680245
141.78119711120183
141.5643566533716
141.09420695213737
142.73903625335925
143.61192632106003
143.29234789364781
144.27410060758584
145.09311540354787
144.76229467798467
147.02760387434154
145.50627175668865
145.42323997344673
145.76607224397878
145.6302333380691
146.80180802794365
146.50275574081064
147.6031096639786
150.2250097813657
149.8255062516149
151.00985292360053
151.6457818737352
151.2750082864467
150.88805969853541
149.63189583187255
149.5704239867096
148.9298920394102
147.9919698734654
146.97033179087845
146.5578252716132
144.5127792471528
146.0580406790934
145.84116118410267
145.10613279362795
146.19755575492005
145.5996900849487
146.86274938853114
147.38884503324638
146.4229185521093
146.65395313116124
144.68140126916765
145.40733069265337
145.07425968685402
144.8481756594416
145.21738700263
144.04866979142767
143.85165238735038
145.15197270391351
145.73128913334943
147.01240937095073
147.748097047028
145.63138513934413
145.55056962852586
146.61950088894733
145.74098256547254
145.94220409801386
145.53026861284167
145.44468063554018
145.85966633301425
146.8928064770634
147.10542874365075
146.8365489209829
148.13300034889852
150.42975592345425
150.75954431249897
151.6644027085391
153.08223708264777
152.04417600459664
150.50908881267853
148.7428021251054
148.63487175349613
149.08396936989328
149.10641182817986
148.8399070052811
149.59428828920392
149.36628261694105
147.90034933171845
147.03326970242034
147.4170042614522
146.29581536703128
146.16526259800096
145.26172624365026
144.95663712176338
143.82114156316476
143.30595955322917
143.18907600707706
143.64478376946886
144.68970180167426
145.4817054961374
146.2258970379319
144.87500321561035
145.8746016913011
145.81082749472608
145.16404359739607
145.35728320286094
145.70530322075686
147.03517798880094
146.79055076928665
146.65604328281984
147.61419013677423
147.74667899457557
148.14341357975934
148.87756610994262
149.94333374595155
149.3628467948681
149.1897747752463
148.05348334280583
147.54123376706403
146.6290280325639
147.27173363202726
148.51362653734935
147.3140735654111
145.87817839934203
145.35244552285536
145.5138848062839
145.2919595825188
144.81780098322326
145.33529863388904
144.55159256568317
144.0170673922247
145.03204276235383
144.30711391189334
142.57002394546916
141.56861978465307
142.66124028301587
142.22895444631723
142.22727602013188
141.793614898319
142.69573721791468
142.6824677859358
141.11501353182652
142.8267528714111
143.55273772419122
142.74915968659104
140.3398332071579
140.9015930651241
142.8467683711342
142.99666525903226
143.61930180300496
143.61394434925992
143.1315773548321
143.59944061583775
143.46490104517585
142.38599698999377
140.9507320152189
140.89294634085414
139.5538407031118
139.3019306317342
139.0563548940019
138.6347959762453
139.2822122370397
139.05540516756372
141.07758877124667
141.6931687334806
143.00043537278577
144.17399986466143
142.83971725915245
143.52860073824894
142.5055252055618
142.14429579392066
141.5620200931358
142.87902259401943
143.03064571187204
144.24053045254965
146.82746766302978
145.56766984911127
146.6325455047423
146.9577967428434
146.50075056969476
146.73200087854008
147.76805368096416
148.07520223213433
147.68974328785424
147.5898231855587
147.8903392491506
146.51222306001722
146.1332999070729
145.50688520819685
144.69284390118875
145.93387810158987
146.6196713268367
145.09484966413947
144.73759655149803
144.67827179864608
142.4678649902768
144.41979167666327
142.63637690941277
141.92944456736024
142.41135959936952
141.7148187748788
141.12600852220532
141.04406475296543
140.90116283972412
141.02258196325926
140.63156156239268
141.38152215272046
141.2690498665647
141.88431214739066
143.4902613274918
143.32939918101698
145.249353363088
145.48630665628846
144.92137822932858
144.8283235815018
145.6231557114485
145.82166090476466
146.35236613789047
147.05251753056066
147.60440076287838
149.1091932768225
149.6259660105171
149.0934233711264
147.6124451744187
148.82229457426695
149.92112962612276
149.64289263242694
151.73598481004424
151.81776448107286
151.34703776708037
150.26638151831702
148.3928511136325
146.7775582052007
147.4521533346587
147.89684617535664
147.7333210653248
146.1266121271257
147.85887109455678
147.56091484310838
147.41846996845248
146.07967072122506
147.61470427681658
147.1504581851903
148.16811642169722
147.6204308535052
145.7925293048941
145.74566844778275
142.89818626601337
140.70377263086206
141.01607988748586
142.11993620926765
140.29319099999918
142.4894093489202
143.46739799984513
142.7692878567056
142.22001925096592
143.34090888038511
142.85332573072273
142.88672635843483
142.81586063305124
143.72572789205216
141.580331363925
141.98579761601937
142.50119104441472
142.13482081418343
143.77338491346873
144.53838009753716
146.9733489863616
148.52777038071912
147.94414197936982
146.95946245618256
149.4800618393453
149.74851189676832
149.5034400043207
149.3370947627493
149.44018705575377
150.3847164024807
148.8491793526215
149.6226728495883
149.30908573508995
148.57530395584223
149.6143056370957
148.94959466771147
148.31226528463688
148.58220163693437
148.94240892255272
147.2058128501542
144.94812759266136
145.24094712997663
144.94963724102027
146.20175093524827
145.41996809993958
145.1654155534497
143.93258357006573
144.28346664619815
145.5730765446422
144.4182991219398
145.8105564644618
145.07410436675323
145.20414844322266
146.04007926280883
146.69058884169934
147.0180783146546
147.13196285369372
147.0845484852206
145.88884781675355
146.24291212708812
147.8623882523541
147.70786252220265
148.1277711030197
147.4633232277867
145.7675816127123
145.41690695182257
145.89210445795007
145.82007751894642
144.07550017774
142.94150441277742
142.57576904222248
141.85959991534486
142.85770846693634
142.12043580172977
141.45681079862644
140.87763081606312
140.16827707385676
139.42411971450673
140.07160316330507
140.08673671986847
138.80668673695294
138.88751641547884
139.85281582829305
140.04780302221886
144.05058418432674
142.91319550131155
143.39418911239218
142.87801587633606
144.151295947169
145.74276897540548
146.54429152973324
147.92038156941558
148.0345793582138
148.45388518985763
147.23384099038307
150.71903056379944
150.9561201203051
152.99718065739114
153.05518870069713
151.85183494633958
152.32106717498695
152.39124475635504
152.08007650307349
152.3820059020629
149.91949827120675
151.11669778317236
151.0996565611187
151.95879601125915
150.12062803747148
150.04019572865244
149.52962420876804
148.04753131554475
147.25431649666288
146.9494918164812
146.73777016412947
142.8375407161037
144.58566952199436
143.4502394788955
143.77911837952476
144.88266834038996
146.6411932070254
145.61616643760166
143.3674720446831
142.45294875746373
140.93021649534143
140.9343219559285
141.94727326088122
140.62409197320497
141.31025363922726
141.05579277828363
142.75185780798566
144.205435527955
144.24475310013054
142.90272852680124
143.59063705177508
146.3359184088989
145.2297205513596
146.8914293839065
146.0763986227012
146.98025066644362
146.29370212564038
146.91408453845602
149.0413619985841
150.84081434884476
153.3893914469057
152.94733819485424
152.10397393392103
154.74327054884301
157.0661740747922
156.27485585442975
155.32678729912772
156.02404332657278
155.21745670414984
157.13470490025753
156.5252128152303
155.99258414323313
156.3889061236675
155.19854328389596
156.74138800442466
155.6064476321923
155.69508291532992
155.96555273995725
154.95639959191425
153.7453528763689
153.5292752975212
153.65731713129017
154.3193844097149
153.04352179907113
152.26308472937774
152.20196134869417
153.50933341683398
152.87413764049344
154.098875930747
154.2131962854783
154.93132826153055
155.4027041975107
154.9003786002708
152.57292790176467
150.31009418045593
151.47222115824587
150.56556424228432
151.1317328908484
152.79803191253365
152.40373305808401
152.9525645294986
153.9412380366146
153.0152456002567
152.86581106830664
151.10900409773575
152.63299992537242
150.92599682292104
150.26484816291708
150.71094792846404
151.1170992893817
151.59763228262133
150.89144224860263
150.73091097152437
152.55890898918062
154.09567200642067
154.49297136136568
154.28796408751094
153.13917790410508
152.09607092043444
152.60385962512623
150.99912969870897
149.21290572494877
149.64702655109696
149.79585653726843
150.47147078142663
149.5756104395898
148.61135746699725
149.20739643894754
148.7039437385579
146.66209786746612
146.57041141108036
146.73644342270168
147.70765031732083
148.5420212328953
147.73810461731188
146.90048670868399
146.91355110841124
147.16114733465344
146.53696172534177
147.24604140252882
148.88898092030928
149.6328963732836
149.6236557585994
149.5309198619713
150.51153748330086
151.41182221421292
153.67869459590122
153.0741183135488
153.03750671299116
153.66814832631093
155.62077278677626
155.24699102273863
154.96385018973183
153.6277819675626
155.30927898607987
155.96533442483985
156.83269153617067
157.72658933815617
159.55822923208098
158.9087221337462
156.7554918261731
155.80079996564982
156.4613125020226
154.6559825799476
154.30223878659814
153.55409391569913
152.59118117680785
153.0771412568968
153.39224978311194
153.14618825273394
150.9037936008109
151.5881703596591
151.7256946750055
152.4936321111361
151.19468585404414
150.34222813171263
150.32704588161783
150.52076210450457
150.6739886818977
150.32980513021636
151.78055389953713
152.92392855590623
152.79253249710683
154.8993302766334
154.63901203174373
155.55619259342984
157.62225846993772
157.39668776501068
156.46151038926166
156.23301632347628
156.7061641972835
156.74639102107594
156.30168046746763
155.33098627231922
154.3355792476168
153.87184964397187
154.55323962700683
154.10842766312106
152.43374800243168
154.04709695346077
153.74330046321444
153.9270881211775
154.01523406407114
155.25642520424864
155.12997862816573
155.42023853830648
154.29711157340444
154.4049539779913
155.36105294195073
155.88008905222495
155.9110351900001
153.2985003882662
151.57772105087287
152.71067123413098
153.524375443333
155.86072770132733
154.64494473695498
154.66260883231314
156.06801278283714
154.35599423554922
154.79753153383297
155.3619816221862
155.3887877935685
154.60252484955163
156.22932768409703
154.4001210852221
153.37569283211354
153.3757905759259
153.7145610701375
154.8020259408708
155.1875408559281
157.05260518555923
159.3466895362787
158.71830610956434
158.21459942406642
156.2173107174079
157.00640637652094
157.1163383619434
155.9129149408761
157.14349795899165
157.76813827429697
157.7877856424031
158.47156978513058
158.16204694896697
157.75095165599404
160.43750035068757
160.23243076307415
161.03078799716292
161.47612127042356
162.6110499918315
161.13723960605247
162.8352606452018
162.14724713768004
162.8362168866758
163.24473551765564
165.207949784913
164.49353231851458
164.62567344757403
164.66342135856397
166.11663213484505
166.09794516109378
166.33376067284297
165.61965660644918
165.989898342814
166.00559415224228
164.0490944343955
164.30715748032623
164.49784546173905
163.74941015493067
162.0238101958006
163.58366252616312
161.9838133607238
163.7120412093938
164.41823431720795
165.12756613509987
164.17081681432202
163.3376459726697
163.71919300982742
164.82825128968798
163.3789580814722
162.1633074741146
161.76902626544728
162.19201361624474
161.25514948452192
160.57764989758877
162.7226868784032
164.1918394587964
162.7295987456505
163.18354674699668
163.65164467052517
164.29330521651397
164.9660508086545
164.0025366903467
163.0809924131308
163.55997767132396
162.09506818176413
163.15619464433993
163.84389622551737
161.81365144280147
161.5638496601979
161.61812775605114
162.6641306982863
162.9113654305212
163.55009665226567
164.0706404350492
162.46734082405345
160.7996435803369
162.17199996157254
160.77357172371953
160.27990940916592
158.68160127037902
158.57003212568003
158.7647494944171
160.66747018920307
159.39906773916488
161.01323692014944
160.992041512492
161.59988033052215
163.92080079738898
163.70657612207097
165.0926125498173
164.74632317651623
163.99802177522034
164.6881988782637
164.6417309339111
164.85966674730608
165.04709277743788
165.00254498680664
165.86815313090975
165.68077100803782
168.15634568825405
165.76734569816566
166.8882110328709
165.09134370540124
165.07240184908824
165.87366892671076
165.79912050256155
164.2467053629323
163.30252810463088
162.50577558653345
161.45260983899118
159.8475951785972
161.0863957263132
159.74476377341955
158.22712188761443
158.46916605975272
158.481991744831
158.69198467645884
158.65550492365918
158.34668448919308
156.6863811726305
159.2547921518342
157.86898921643441
159.518909842936
159.98065906972667
159.49548398876573
159.38853354258916
159.51702810894267
159.709806678512
162.3016465532806
163.84984187180243
166.17848981400206
165.1691123285429
165.7451296104601
166.6977043084802
166.33473655262208
167.08457640689497
167.92066409366947
167.41567595110115
168.87832521412344
168.266240646859
168.14514686391038
168.85239929545543
169.0452458318622
168.4260970750304
168.13332133372714
168.63443882123298
169.32803759822414
170.6414789880096
170.4364530728701
169.59357997188357
169.69718290222653
170.4983891137124
169.98085352414049
169.77841627700514
170.4773499599815
170.95162478044895
169.04479902940074
169.76728035846898
169.92754029253356
170.51257565936737
171.60287098269447
171.75080799082951
169.46212272580178
170.92033333332955
172.1519811857035
172.73925012520868
172.75738841453636
172.67386514695252
171.1493842358475
170.43529296311684
169.38514095204818
167.73006251331088
169.7947842661109
171.61040406238692
171.6011625804377
172.1964186687157
173.6691599056394
174.5475981413964
173.19451158136397
174.8973344406239
174.3787300837248
173.6019169930158
173.22643075597986
171.9873741885737
172.38068700913757
172.7013239415123
172.35904775680234
170.72258443241418
170.76893626276728
171.37230994059425
171.78227111925708
172.47721529138502
172.20115333566258
170.85707601231414
169.22870751301622
168.7533353342878
168.6004858737953
167.61088686887675
168.19490458982565
166.8982840761912
166.80376171974413
166.60454444782997
168.58740945232339
169.64918334102626
167.64720409699927
167.73927621324358
168.9197524349783
168.32193115095075
168.8625574099175
168.9560618370354
169.75606241958786
170.15355372529467
168.97847599601468
169.18854145091197
171.402538040593
171.49748128549294
171.44108658053594
171.82128468382282
173.0127941953092
172.02125681023767
173.10822172800732
172.59942110534826
173.91915723024422
174.16117350532147
175.92982308262248
175.71382162837259
174.94947754114133
177.44377278487724
176.8166149637576
176.13148262029466
175.92226394652883
175.67252783527871
176.77471018945837
177.56625992424546
176.80282633231187
176.48340431205764
176.88443308798904
177.16797495762117
176.99300391001213
178.56812921762955
176.9493437216443
178.69287994746963
177.11550480698804
176.53690920068217
174.74134182809806
174.66229232121808
174.2638132148025
174.01078903626865
175.7766203708617
175.08720668209628
175.79312669796164
174.87716553213346
174.49539075341661
174.13814447389066
174.017453174997
172.7379360748886
172.2849768259097
171.02273519075803
170.60287153062995
169.68013876325733
169.29548981167127
168.37595059636683
167.77382123904584
168.63924575310313
169.24828132836745
169.2439643577783
169.82525165220238
168.04404520037218
166.5177585723814
168.8956114539465
167.04311025840727
169.806096684086
169.8012086045572
170.4897412879305
170.7763682634714
171.4348057496368
172.20797366001102
172.93540914107035
173.5816250149214
174.78414254094474
174.83072177557207
175.71819199734782
175.76657782496733
175.7176730171787
176.04479826597597
175.89813866012176
175.83312175013162
177.86616359592477
177.68104472402663
175.9619131590757
177.68814897033693
176.86566541660514
175.37238061532025
174.22474345164204
173.87310680915087
174.8433880118118
172.82450697042714
174.02300111686318
173.26447306848382
172.10222339663858
173.97679126938777
172.22758427408462
172.56779699746926
172.59749215203934
170.8732225387252
171.35228603630028
171.50164839141615
171.08653663589166
171.93686277594617
173.19050596624416
