0.00015110202549959648
0.00012986917590735944
0.00019768782555152834
0.00021418204873592945
0.00015106783570790743
0.0001509810834492708
0.00022012263808525966
0.00021427994226194046
0.00010498240971110392
0.00018417947955537504
0.00011865205570935572
0.00019683171271528773
0.00019577937750746096
0.00019774869105219632
0.00013915264368209496
0.00013967165770853665
0.00015441311233942143
0.00019201423721001406
0.00018119675557451206
0.00011329716345491721
0.0001744170027796019
0.00017958036314118714
0.00020194049846320957
0.0002143997151738706
0.00016558158124120996
0.0001637263441419288
0.0001867243241693131
0.00019737207446076058
0.00016806160569738835
0.00012506628036831354
0.0001655179277838223
0.0001488731066789802
0.0002231057285639124
0.00018087229323905413
0.00016080661060753756
0.0001393652427638131
0.00018107974194468742
0.0001478930847368977
0.00018679021572379264
0.00014880303103832117
0.00016794038528283867
0.0001973680305665194
0.00019119185130781591
0.0001960643343856881
0.0001603684390215235
0.00016053722952308352
0.0001516657784422155
0.00018649709825277846
0.0002203109610809198
0.0001294388592791633
0.00015123913974338533
0.0001741187969326404
0.00016572445434606372
0.000167768266845538
0.00019158487603799859
0.00019933025537477312
0.00015369680000610857
0.00021758622087392232
0.0001659018917860905
0.00019214445698413542
0.00019167885287185192
0.00018083650668653905
0.00019766920744768992
0.00022454984562426142
0.00019555021475446818
0.00017371332716511716
0.0001835235609326556
0.00011870365404001513
0.00015697784709508292
0.00016761580108000742
0.00019811556317109256
0.00011359489250077951
0.00019550029116844939
0.0001951246447336617
0.00014776480427895096
0.00014009379304007525
0.0001565018109301302
0.00020908633624885334
0.00017937848610092758
0.00016567730669498525
0.00017945168812081875
0.00013086631716807665
0.00015121377783101068
0.0001600620662717041
0.0001212589634274393
0.00016737952777811084
0.0001397974746079436
0.00015685989271645363
0.00018378992807348854
0.00018694065997539069
0.00018719649002624526
0.00019151163222079007
0.00017402797549335124
0.00015463108803568073
0.00016000096933940753
0.000130276004402834
0.00017986956864603822
0.00019132069979715106
0.0001516976098282491
0.0001295334902376221
0.00019771867084682372
0.0002021401379832585
0.00012451692053881263
0.00017373735051996354
0.00019130563988983362
0.00020845783448815292
0.0001811205600093199
0.00018079111434042206
0.00015989886359045442
0.00022315670870094655
0.0001840921151382599
0.0001914288321201046
0.0001514756729227035
0.00017429389846514457
0.00016042678141360323
0.00017944045958612806
0.00018079068047778765
0.0001606376026870221
0.0001890330049255778
0.00017409962506592623
0.00014917582615101425
0.00011356183194468719
0.00013870181568903262
5.622856133654203e-05
0.00018401450210579114
0.00021325334875056865
0.00020561026234857549
0.00013951920045526136
0.00016755223860714125
0.00012829272528929242
0.0001133281756570324
0.0001183341955402239
0.00016044352097601184
0.00013917445487011243
0.00016013999376407727
0.0001747602180187306
0.00020159619079533338
0.00014002135514738692
0.0001653671303333684
0.00019121167381756877
0.0001681178318401487
0.00017498695302999373
0.00018116152572507095
0.00011809697972799474
0.0001864614392091302
0.00011824444230600683
0.000223218196756345
0.00018143937216618186
0.00013944887179383192
0.0001280715003565265
0.00012785635604359454
0.00012801950738997422
0.00020253668337598678
0.0001909907001445546
0.00018204335844083708
0.00016927582006127513
0.00019617539337819025
0.00013926463735135973
0.00018161220811019221
0.00013960733802003731
0.000167890560041846
0.0001602336340207061
0.00015093427517193274
0.0001396007695669498
0.0001609876138854938
0.00015114866140661197
0.00019183759116962423
0.00017478805285294687
0.0001860134276311505
0.00012751119050141916
0.00017444866751272926
0.0001919628041442851
0.00019170701162305723
0.00017965080277683958
0.0001682403681716026
0.00015498535808780836
0.00017980589267571392
0.0001602398176854145
0.00019134664858209865
0.00013943088184679365
0.00018390693024295128
0.00024398362525112556
0.00020201900084486807
0.00015979031895111504
0.00016059853734885
0.00012737851098427915
0.00017391540545826762
0.00016073262605697568
0.0002204606477322641
0.00015429963371597316
0.0001392032216527172
0.0001576028481906486
0.00019163258897158584
0.00020569749692751085
0.0001733030846350238
0.00020215905386592714
0.0001276104319497414
0.00020222171294932448
0.00018691123089980467
0.0001041990520786056
0.00016461274066674787
0.00012764721530803076
0.00017341069746400044
0.00013951742149095095
0.00015124247733397527
0.0002016263179341748
0.0001394642570638149
0.00019729849205760283
0.0001570016835455033
0.0001248384124228407
0.00021781360982151457
0.00014923234758877185
0.00016068878700231892
0.00016748194860655632
0.00016565409879415794
0.00017457973752523726
0.0001486249351705
0.0001396187825370275
0.00016519003680372135
0.00016920758917279006
0.00017945097660869815
6.993369367072653e-05
0.00016323097811343253
0.00013950524151783045
0.00022097729859324922
0.0001990710834237457
0.00011447351179443273
0.00020244111349498184
0.00019790411293683027
0.00018121639197837177
0.00014594314026282734
0.00012903575513341213
0.0002232829398195961
0.00016010438864074485
0.00024364106969757953
0.00018759024945969678
0.00016812744919525774
0.00016006094391506515
0.00015673922445805612
0.00020621525875328238
0.00016337416571759648
0.0001682320849873874
0.00015086474908238096
0.0002024833267131982
0.0001977038678667726
0.00016974588535054205
0.00013003287418140668
0.000165198497140357
0.0001956139704066017
0.0001739159118558062
0.00014857654537751806
0.00015444929373982895
0.00018714373315115683
0.00012422499817678706
0.0001953472722905436
0.00016374650216610876
0.00012152726648149204
0.00019146281102513525
0.00015993409104933222
0.0001476119538996212
0.00020464416838215853
0.00017981207618877106
0.00017406902095156682
0.00016706737505090333
0.00015736378978432964
0.00017375910869724798
0.00020241055575235923
0.00019213143250899366
0.00016762478179837312
0.00017407891076186147
0.00014757991725622245
0.00012250047545527766
0.0001393812731791692
0.00018722644036302664
0.0002014376898193841
0.00017471567050893053
0.0001322867491789941
0.000178945462479159
0.00022020862155227994
0.00019176539888869464
0.00012788512711565505
0.00020163827016358567
0.00012513714162479576
0.00016793185498413076
0.00020190078972956343
0.0002063043008131347
0.00018701375873223124
0.00017850535971372292
0.00024412575992901694
0.00017519099939725818
0.00019202941376639392
0.000199361335221475
0.00019068835946717695
0.0001792241554867322
0.0002016276585306193
0.00022872026176237005
0.00018080079661430805
0.0001844693471147501
0.00016032856896729618
0.00016940049704857837
0.0001973796724628491
0.00015469681781476262
0.00018084516698603292
0.00016754916568217275
0.0001403337050237398
0.00019145634654118922
0.00013180379759720763
0.00018688560141296812
0.0001742964051129041
0.00017381019386308
0.00019171960645132438
0.00015431198429678592
0.0001798528989789894
0.00015724826590047934
0.00017468771478258097
0.00014689886067499039
0.0001693458703671258
0.00013926810959433253
0.00016816288227807665
0.0001911782837395869
0.0001838741484055347
0.00021374568850427832
0.00020221186674868803
0.00017391275413690944
0.00019141822708336448
0.00018845330818810778
0.00016827782136318245
0.00017360760700748618
0.00018476249561190378
0.00020910711520278835
0.00017883486953686504
0.0002093091306496925
0.00019131638625442728
0.0001704149510955594
0.0001881799216304452
0.00017838400536047424
0.00013957259749476474
0.00017009181996176397
0.0001828595085996255
0.0001857006476183475
0.00016337875307423082
0.00019894918166802404
0.0001596995709366871
0.00019995668943496476
0.0001885031540982068
0.0001912049435490777
0.00020473339082825373
0.0001858238784390875
0.00018591162487775664
0.00016528496436640636
0.00016007410890979
0.00019719632986723632
0.0001453069929376344
0.00014635191798279156
0.00017808610303929798
0.00019166210878267015
0.00013932412956693343
0.00015083696396989772
0.0001821745023565395
0.0001826538189236918
0.00019455069798471927
0.0001883739308605325
0.0001783903313332007
0.0001562914365024822
0.0001628335877994708
0.00016291285122866462
0.00013905222114910282
0.00019502160701311455
0.00019778101169687294
0.0001452134626148693
0.00016044144955389754
0.00019780507913626943
0.000197135670190987
0.0001744508927676544
0.00017789163723472604
0.00017390789136447393
0.00022068651120293447
0.00016115200498417642
0.00015819843186830104
0.00016056777114351
0.00017415527072481743
0.00017883715895902254
0.00017433560545481214
0.0001947292923768181
0.00014834396429313322
0.00016925689973859242
0.00016540175524134288
0.00016660913890759142
0.00016256297756400868
0.00018796600458057428
0.0001320322868842204
0.00017799704038931103
0.00017472405917240115
0.00019229616133985356
0.00021146190582977976
0.00017423196313873644
0.0001392151626689149
0.00018210025513415104
0.00016660720802998678
0.0001853903030509819
0.000151128181163246
0.0001742004061361054
0.0001704530189689365
0.00017043347537175956
0.00017422307213045153
0.00019469938389657282
0.000173852999041731
0.0002001758090228199
0.00018604982814516392
0.0001671584739975546
0.00016912041898170502
0.0001650879806386668
0.00015585827530189905
0.00017022895626789776
0.00019741843634567486
0.0001743205421951099
0.00017056281351655178
0.00017827411475784287
0.00017028918334865457
0.00017889289916226872
0.00017756239349691523
0.000170926013140049
0.00019136980808984815
0.00015111848969527595
0.00016575291324346037
0.00016691829352621207
0.0001745839400676393
0.00019151736644780988
0.00018249170077537969
0.00016417659292076916
0.00015990487119521308
0.00014521600406675598
0.0001737502233131171
0.00017437992048119258
0.00016453093735945974
0.00019964161754406758
0.00017043897752420635
0.00016030599168024703
0.00015107182388307213
0.000162926113232282
0.00019466047213973053
0.00018114063856114568
0.0001975744725953439
0.00019496308973156765
0.0001450110178577647
0.00017069059200534414
0.00014931557255088687
0.00017412197638836337
0.0001668804483877972
0.00015829184484576872
0.00015801899232698266
0.00015602462463374007
0.0001975477541859691
0.0001884071449165262
0.00017424220475849774
0.00019748209836980394
0.00018680331482896
0.00018121542204926794
0.000139744897595913
0.00015147846671166544
0.00016700316843946785
0.00015605735006833893
0.00017810408761875012
0.00017789139845372746
0.00015083485429938633
0.00017785627545395308
0.0001744303290496418
0.00015647089324909136
0.00017012810304768092
0.0001598804217646179
0.0001582550377372287
0.0001512908122060842
0.00018399306525520968
0.00020005099422951418
0.00017398980358447196
0.00019741392597237572
0.00013963003829398923
0.00017427103496069128
0.00018608988699381028
0.0001944647749580104
0.00018897076443440735
0.0001839600758418572
0.00013948825226032933
0.0001744912206984196
0.00013324727293140002
0.0001857767196430206
0.00014802862696429407
0.00018827713865890208
0.00017005454346142893
0.0001866797858341178
0.00013918537960288228
0.00018666890893534666
0.0001444052468741062
0.0001608493220264862
0.00017390202579592226
0.00014556292262522065
0.0001945050431504252
0.00015104398704246833
0.0002027846688846859
0.00018694339190432208
0.0001456258737235636
0.00013386003651680466
0.00015638535699823047
0.00020743114922678365
0.00019920367212104698
0.00013307557119181558
0.00017788499919446621
0.0001844120244763577
0.00017009521744297792
0.0001964366977248171
0.00016264725416428747
0.00017414052724074763
0.0001575296900794466
0.00014989327473318378
0.00016673598386565255
0.00018608312204037043
0.00016566148491680641
0.00017811715333621294
0.0001862403937194078
0.00018156965122948624
0.0001656755233217353
0.00019153650385573927
0.0001829019757092578
0.00021273395699912095
0.00020887278666318143
0.00019486551632562303
0.00017435506293981558
0.0001744193349641911
0.00016208895993186586
0.00020891498440735884
0.0001668975208408086
0.00017382774006708787
0.00017786434481926
0.00015755459023779556
0.00016570050102251294
0.00015582373244667254
0.00015425567901617286
0.00014560205988738302
0.000162507470937568
0.0001704665222393288
0.00016620167818498302
0.00016287077442292896
0.00018605168588658788
0.00018578294567342035
0.00015641430063258142
0.00013910505792182472
0.00017421069494463168
0.00017020198747652737
0.000174337944571204
0.00013403531745633665
0.00016429807949812133
0.00017075994261472755
0.0002274812011853693
0.0001746373874465876
0.000157815434199306
0.00022059547900323077
0.00016698813061037532
0.00018583031380778867
0.0001781140266722347
0.00016419809201963318
0.0001398986722230828
0.00016664206766727927
0.0001602118118556799
0.00018263132105389118
0.0001456734244296106
0.00014456846665989172
0.00019979065055643116
0.0001781465678557353
0.00016714465296198118
0.00018067780489921178
0.00019182099110989415
0.00015198893303900016
0.00017416994937209622
0.00020183341236250412
0.00017459305371627886
0.0001630031487082677
0.00018288099445996754
0.00017425926483101295
0.00015590020115116936
0.0001782825020511952
0.0001777486549729961
0.00019449007543894726
0.00015241375703001176
0.0002045601892453713
0.00015617840795608838
0.00020651071427124144
0.000160228991235305
0.00019439944875530445
0.0001782954793191357
0.00016453662949049165
0.0001556310680666811
0.00016676881380625955
0.00017894422619094203
0.00018563851156957006
0.00017396259808776963
0.00018846476957809087
0.0001824566341082205
0.00016524786567341315
0.0001703893246714383
0.00020888633355824817
0.00019516535152123187
0.00015390564193038845
0.0001627284747900449
0.00017827430160345192
0.00015600511619909862
0.0001624130684018994
0.00017002019282688814
0.00013410863576257195
0.00016968151610793311
0.00015766472231251843
0.00017459633514090554
0.00016030091584664312
0.00013431790594846862
0.00013969040197529326
0.00015420583151448314
0.00013370800146431542
0.00016267654507462945
0.00015109944474013938
0.000123031469176257
0.00021998695976412254
0.00018575322559275973
0.00017792115254037846
0.00015792958266302063
0.00016733184878734981
0.0001776342700829936
0.00018083353194369838
0.00018206567015748433
0.000194705285089996
0.00020005838161321214
0.00017787894592486908
0.0001457817186382665
0.00019498905263919355
0.0001334291430307518
0.00018890971537547413
0.0001457095380844381
0.00016694414352091502
0.00020019927653210039
0.00017808000744800825
0.00016548751771971212
0.00018602211051194388
0.00017061400519807909
0.0001586124880595108
0.00016025948082853565
0.00018575896422500188
0.00019973501764296536
0.00016707273521047162
0.00015621146638144308
0.00015805361357834938
0.0001854436173653254
0.00018619290403259093
0.00013955192385674837
0.0001713617362934973
0.00018236289400843107
0.00020438306122942877
0.0001738159889414051
0.00015124836675806073
0.00020918237601581763
0.00016275438843227046
0.00015832026611780115
0.0001709846685590144
0.00014982151822760193
0.0001811734932607995
0.00017476221382543836
0.0001699217619172979
0.00016053414794692814
0.00018579793773216028
0.00018239772559177156
0.00018125200953539013
0.0001629167714997938
0.00012318435554953773
0.0001622933116508201
0.00016971463773530148
0.00018223572153762573
0.00018565571219526358
0.00017783853829456847
0.00019401927369818995
0.00015794510388554626
0.00015295340429446303
0.00016534998340005867
0.0001626737654838328
0.000194797260294492
0.0001890391269914143
0.00017454694081448364
0.00016997412391246737
0.00016036815983639635
0.00014489646706976133
0.0001779603040202661
0.00017431656761948819
0.00017467002310313153
0.00015251116006805178
0.00015538388915187535
0.00018919577771704224
0.000174272796932437
0.000166833485591755
0.00017787609539174966
0.0001919136071277499
0.00016734018379494233
0.00016022684261701375
0.00015762905479833485
0.00017023963515697257
0.00019422785996094506
0.0001604523151547346
0.00018264864845433528
0.00014956260680819216
0.0001669288884756466
0.00019740756733669716
0.0001946518606532055
0.00019453284953464405
0.00016557397904539057
0.00014871079863683107
0.00016053344458911937
0.000154588223664693
0.0001602476948714653
0.00018542932554588357
0.00017485407123708294
0.0001810563508736032
0.00016281802740917604
0.00015628684572665088
0.00015145982991099344
0.00015305656242590472
0.00016244787871426346
0.00019995734453815867
0.00019205504304231397
0.00015742004150505644
0.0001740759970702236
0.00017114227621558404
0.0001699678270300428
0.00016288748487409323
0.00018607715720976153
0.00017086909678760493
0.0001556036263950584
0.00015180279355976256
0.0001710273836212832
0.00015240691932581193
0.00019997153994625924
0.00018861225345942175
0.0001743454037191897
0.00018587068143452063
0.00017055291881028727
0.00019453851661702524
0.00016050120858482816
0.00017397774217400256
0.00019469421011778187
0.00017451407376437893
0.0001514562148050244
0.00017376401311665636
0.00017391011284251777
0.0001822441967469529
0.00015565081773975914
0.00015140881707163595
0.0001859954933594477
0.00016699061350160068
0.00020016862800268214
0.0001576574698552775
0.000177946646110261
0.00017746059036701273
0.0001856469510627065
0.00017461120357557683
0.00018584652670743264
0.00018119791257532465
0.0001976384692265001
0.00016594958193824822
0.00017409691824378265
0.0001512633642823735
0.0001670343461500868
0.00015104825980903885
0.00018595146431712325
0.00012707315701820417
0.00017079777768277672
0.00017050831504207233
0.00018582287402163746
0.0002091414508292905
0.00015793773581165575
0.00016710887031212091
0.00015584211985542542
0.00017084328750076734
0.00018872356116590738
0.00017826503860725548
0.00016294926755479718
0.00018233556249750823
0.0001742846077724073
0.00019718857006400977
0.0001555780535388057
0.00018865011178183374
0.00016231682093729947
0.00013929763006620698
0.00019979580051015565
0.0001857559978972425
0.00013943934966750376
0.0001912841317457572
0.000164367194626865
0.00017115982410197562
0.00015577659291353256
0.00018880150244394623
0.0001855224141212589
0.00020199231188847326
0.0001823549555277853
0.00013995975385867123
0.0001975737604191603
0.00015603673798636526
0.00016072173795507615
0.00019782052674394146
0.00017096903420268
0.00015763255742160993
0.00017430996983705015
0.00018871497559476945
0.00017430503103952014
0.00017429449168277338
0.00012325969257024502
0.0001747799360896102
0.00017030376066117024
0.00018903765342858704
0.0001627040367326797
0.0001862945407535307
0.00018588761693185755
0.00018256086806452197
0.00017410534926390044
0.00017021033508457986
0.0001785838886569723
0.00014495817177580275
0.00014479847559281499
0.0001666122601023699
0.00016273239549652937
0.00016188526630183598
0.00018627603235341018
0.0001703934812837787
0.00013423950215732188
0.00020173774327990725
0.00015574338710784376
0.00016437644365394663
0.00017821137146023248
0.00013924683838124975
0.0001699849777928702
0.0001560074676473055
0.00015098664932828527
0.0001514292476662961
0.00015128106951706153
0.000174107517137008
0.00015135593263602447
0.00016967447425085127
0.00012316664916410232
0.0001671543772978739
0.0001602850861742042
0.0001574844058701834
0.00018583684023467647
0.00013430822307888965
0.00018652928103055883
0.0001668194670858005
0.0001670343897822759
0.00016690012707772987
0.00016964520052516912
0.00014973717435194292
0.00019467530140061112
0.0001858503607350168
0.00013936732738495958
0.00019424089666026864
0.00013284316122174743
0.00017388929307485916
0.00018241365950397978
0.0001562079489493898
0.00020720659361546072
0.0001671477362361381
0.00014964973368968896
0.00015999092212853333
0.00017009492118781117
0.0001738993894180441
0.00016029446310575078
0.00018268980370643052
0.0001509769230276919
0.0001705820379750953
0.00016658664692302853
0.00014956497799365146
0.00017449702358072756
0.00016654347067995284
0.00016723778677519766
0.00019740410419964637
0.00016265627568590708
0.00015639135696931305
0.0001742733953067465
0.00016998360891796172
0.00016002019832905373
0.00014502354214743777
0.00015106353681174078
0.00018555505388324648
0.00017448639972393395
0.00016313998925754
0.0001450401270358344
0.00018136687020062987
0.00017770862546953118
0.00016288862214818145
0.00018589533541235096
0.0002052566093445455
0.00015845817141429776
0.00014428903480758463
0.000189004352911127
0.00016237416141117768
0.0002161531983943798
0.00017787200410950858
0.00018642566279135315
0.00021918244300761958
0.0001560737690846069
0.0001211120013840424
0.00016290082044242084
0.00016713572594080246
0.0001710802024997122
0.00016798602372582435
0.00015015327076690132
0.00015998788749369203
0.00020004042913759359
0.00016018990289662203
0.0001668494913323254
0.0001628800717690537
0.0001824651776973298
0.00018439483750553397
0.00017448939197197495
0.00018102352704494018
0.0001340668746549395
0.00017426120516634343
0.00016672312741061458
0.00017411486479064446
0.0001579547056559147
0.00018912638983299658
0.00019971170021788626
0.00019789534713480987
0.0001521936968642713
0.00016039899632007315
0.00015998945018397788
0.00016294116940662943
0.00017428195501720934
0.00017792340576994553
0.00015817316623339834
0.0001665535836091992
0.0001670304765291953
0.0001700027717461789
0.0001654183417808074
0.00018138045689156872
0.0001921470152287281
0.0001741279224975737
0.000174563824522246
0.00016016289577433913
0.00017453585240060246
0.0002091652768323515
0.00017819424358323527
0.00021911851566759743
0.00018091439920227915
0.0001397849839118048
0.00013902069212709824
0.00016682772172887502
0.00019458835086452845
0.00019765379119036496
0.00017084364642733427
0.00016685976799069716
0.00017809584286107016
0.00016978676259807323
0.00013923266015822042
0.0001748211689049948
0.00016695669734158016
0.00016699446356873394
0.00015618442354597322
0.00017460947877308687
0.0001812236509798121
0.00015159154424127048
0.00017110155078420617
0.00017005150085789444
0.00019698737242305776
0.00012964220889685182
0.00016790522214477522
0.00014530311199438423
0.00013291099364714961
0.00015445940727609294
0.00016263532599758153
0.000197440208409833
0.00016319368079310836
0.00017415921152872575
0.0001742691299899609
0.00020735293273427055
0.00020004398958896392
0.00023118799114952326
0.00017428863985499465
0.00016288879100598367
0.0001741696654852893
0.00017764238593038134
0.0001561555453066698
0.00014986924684097644
0.00017404055238497195
0.00018552341588494038
0.0001699399380514954
0.00017844190786994222
0.00015605387230063937
0.00021420897577173494
0.00015773804971632005
0.00016276098289108048
0.00016491816039005568
0.00018262181623204967
0.00015149542802984938
0.00017433179442580233
0.00015097991203011038
0.000183772207906099
0.00019752750726305965
0.00013437927941399586
0.00018532943501971502
0.00017816489988746397
0.00014495612186697236
0.00016568722929969352
0.0001780106033978981
0.0001628430925682881
0.00018229970131017941
0.00017843962320160048
0.000178418719315701
0.00015722300855750533
0.00019505799043962197
0.00019153526644421397
0.00019134547399304622
0.00014457493882235454
0.00016315520004325036
0.0001510352979863274
0.00018578970213053268
0.000197260688740903
0.00018614847811497125
0.00017038312889534294
0.00015296644846699825
0.00017875837927942297
0.00013383469889718402
0.00017841710604513602
0.0001709641563965899
0.00015079284742629463
0.00018611991232820061
0.00019749047148223472
0.00017784347558264877
0.00014656886944863025
0.00015512933691488705
0.00014556834938350585
0.0001777454709125824
0.00015112757268701042
0.0001515090610970634
0.00017418239159200187
0.00018869457197771705
0.00016265532909641767
0.00017045239551443834
0.00018886781057836938
0.00018584222022707648
0.00017404450810716665
0.00014523378739216558
0.00018248855928671302
0.0001858926600520612
0.00016964589471636524
0.00016258858244986882
0.00017864057086861506
0.00018211938973873682
0.00018177917815992322
0.000173863137335593
0.00018599091043439197
0.00017465669897327762
0.00020747646325303956
0.0001559599371785866
0.00019129708287536013
0.00020000929255391115
0.00017413835291808083
0.00016927475343114052
0.0001667851397715686
0.00018877475520379968
0.0002015615262249913
0.00018255826730693688
0.00017041199414840068
0.00014540327055731286
0.00015084619297108654
0.0001597684043344871
0.00015579387599694525
0.0001895221755647294
0.0001701967188073925
0.00017089895296579384
0.0001606707125493962
0.00017097438926621597
0.0001783952792457498
0.00017068820197967293
0.00014609757945705553
0.00018414784332862838
0.00013109483449934436
0.00018905730828593084
0.00015088676802511692
0.00017790384057733786
0.0001828443613828067
0.00016009665429729644
0.00018870020136958383
0.000155939756229225
0.00015119363434638045
0.0001451076731090428
0.00016660723365834645
0.00014535297240877428
0.0001773739636852645
0.0001579198302201944
0.0002087577497767807
0.00018864285784476648
0.0001457800111019228
0.000192115940357021
0.00015137909674273783
0.0001891673325342194
0.00019475942130792499
0.0001893464084218467
0.0001673494608264499
0.00017777329225407575
0.00019992790758332544
0.0001657220995114604
0.00020405635378880637
0.00016237988802978015
0.00017407649766227717
0.0001826349480426888
0.00017053414185827577
0.00013955130623496178
0.00016259640324974535
0.00017058185078698554
0.00017833086280853337
0.00018264660905225246
0.0001560928134293593
0.00018904127933621
0.00018864079628336068
0.0002088196111178509
0.00017462782993249746
0.0001974227722821451
0.0001668639721487369
0.00013979781408986723
0.00016675120739879413
0.00014513122833090388
0.00017034546664406846
0.00018619028617046195
0.00019754784435640393
0.00015599981958020569
0.00019768228972028048
0.00015136646582024045
0.00018202802611396905
0.0001389797996578841
0.0001657469578978097
0.00017462687814155716
0.00015590106284517482
0.00016741488489565196
0.00017866991621885722
0.00016045327226541338
0.0001580082219628328
0.00019167420860228502
0.00017088685112206454
0.00014501871686426168
0.00019995192085724793
0.0001824317554347187
0.000160286207915587
0.00018749451002731364
0.00020743335879245221
0.00016235117765174805
0.00014478496943170417
0.00018863780308383185
0.00015581589012658524
0.0001889836692258021
0.00018226997340821418
0.00020195485059434866
0.00016719966380061193
0.0001669785000096062
0.00017780869874605473
0.0001627265430724047
0.0001858802072318576
0.00018622343511317434
0.00020139488251209184
0.0001603424342360781
0.00020471789650465002
0.0001629500018917931
0.0001887072508122554
0.00016018140446246844
0.00017403357344038673
0.0001512870161129256
0.000171217235279356
0.00017743017308610395
0.0001394713609652462
0.00016989007715076626
0.00016691089597907572
0.00015622979702089698
0.00015613438635194563
0.00017460699818223216
0.0001995390153117793
0.00015050565174675303
0.00019730346620453295
0.00017059236561380327
0.00018263273970603886
0.00017804872519354854
0.00018195302040265648
0.0001677888893400909
0.00018264089933660947
0.00017450648340965036
0.00017060828104989933
0.0001913619259569307
0.0001976524066257837
0.00015987711157796608
0.00018161535637538001
0.0001562753294564579
0.00014459345414750746
0.00015602154529934233
0.0001545279034625286
0.0001342376183890848
0.00016441428566123375
0.0001885759575339977
0.0001628300198776517
0.0001702528389288718
0.00017417416977394623
0.00017024337248369283
0.0001887887821564202
0.00020661963637542044
0.0001456923136303538
0.0001625517375559263
0.00018596359098784268
0.00014530237954172263
0.00015777829570437794
0.0001526722987867543
0.00016722862999829394
0.00017390094152602877
0.00016716388177939235
0.00015992915647490845
0.00017739252103531546
0.00017015543341737758
0.00019425419224103273
0.0001706155252855222
0.00016564208727730355
0.00019166678721809947
0.00013914663025134532
0.00015747977898097757
0.00019469559415277778
0.00021918520959538512
0.0001561566109498256
0.00021064654610501761
0.00017788871581409367
0.00014721115957551628
0.0001508453707703384
0.00019733823434453778
0.00020003353434842248
0.00014605712465330003
0.00018936832556718989
0.00019376115602668035
0.0001670937415186132
0.0001260959359366445
0.00017858227046961702
0.0001701206733273549
0.0001666774951832613
0.00019990037885366443
0.0001743339967041003
0.0001825096638993905
0.00018522802699431917
0.00020884960287188503
0.00015098500747646706
0.00017007506691342952
0.00016943381448491175
0.000167171576279352
0.00017118712139590505
0.00020924145555047848
0.00017757369808047734
0.00017073453002000921
0.00019750939998808615
0.0001744427480574918
0.00018144664827520032
0.00017393585575223397
0.00018590431463993485
0.0001740128905925897
0.00016670130989167816
0.00018597029858046893
0.00017812361639406071
0.00017442728986905443
0.00014582118913404444
0.00019464848701349156
0.00018904514397862608
0.00014458566840228198
0.00014572168200687537
0.000205666672327418
0.00016287649468917125
0.00017057603941006004
0.00017765883689086986
0.0001560080225654797
0.00019196325412984005
0.00019184902389096422
0.00018581131013759575
0.00017422016142521108
0.0001944457236742765
0.00014595202373689537
0.00018548713549878441
0.00016275268504414308
0.00015615725686581334
0.00017418604683777254
0.00016241882986070747
0.00016740632872677496
0.000145739708629664
0.0001510320781578155
0.00019483303384655153
0.0001740980881521798
0.0001626520979340408
0.00019449098959247095
0.00016997154552970853
0.0001774576713878398
0.00018915722113471353
0.00016248476423247075
0.000166686661796315
0.00017442479048364733
0.00016258807880911456
0.0001630889712289533
0.00020652125031519705
0.00016006818430327666
0.0001606335639580741
0.00016696872316067428
0.00018580769880702065
0.00018581897749964517
0.00018918639323919524
0.0001447772399869177
0.00015682427227947866
0.00016081277728417654
0.00018229194736442894
0.00018831104859806956
0.00018598770943298933
0.00021061656565630232
0.00015550603398631498
0.00013942036356367365
0.00016513829773362075
0.0001605692197592479
0.00014515449321874114
0.000145781960239696
0.00016005313208965763
0.00015782375994668053
0.0001860280928466248
0.0002019475027580931
0.000166003429736023
0.0001622771628596655
0.00018585562410568148
0.00017388894913557962
0.0001821199165358441
0.00015004938765824838
0.000139167687111896
0.00017404588115288596
0.0001664157681503629
0.00016648641281956646
0.00014498997023451455
0.00017059106750725081
0.00014579249907165697
0.0001829634708051997
0.00019725790531054585
0.0001784675851094963
0.00016994810518921647
0.0001600501297271438
0.0001945345946066548
0.00018160737715612428
0.00015076123083017462
0.0001883652716710049
0.00013427226961882155
0.0001709785336980534
0.00018557207486093717
0.00015124702870080215
0.00020899008742830745
0.0001707320969014894
0.00013361512211616382
0.000197784792653692
0.00019450877259088076
0.00019732908628779334
0.0001779115228953625
0.00018100108289667804
0.000162868490582243
0.0001856662511467812
0.0002091552602672945
0.00017052492135912102
0.0001705789628006428
0.00017050012763738175
0.00016700291310880333
0.00015056307902538431
0.00016271886204439806
0.00016706987160265848
0.00017792867045142064
0.00016685113283340406
0.00018424343485663538
0.0001508886937170802
0.00017414723498969704
0.0001741470944659618
0.00017422911942981692
0.00016959303121849117
0.00018443021135802285
0.0001699907141472942
0.0001705578662707971
0.0001822577033012409
0.00016044248731916257
0.00015770266469846707
0.00018264044673903072
0.00013886186265268797
0.0001627755725594055
0.0001559132993112308
0.000201730548802559
0.00017824399692413
0.00018589406823723396
0.00013421177780686803
0.00016030475503061724
0.00016724238634454794
0.00017384906995050433
0.00016066639420292327
0.0001575401419894556
0.0001668804127106345
0.0001672156032635734
0.00016010633515124291
0.00019407641543343828
0.0001973932869117757
0.00017074431720463825
0.00017767935743523392
0.00016028591147123866
0.00016232009532581395
0.00016001004364911967
0.0002016620504998606
0.0001504975048224807
0.00016734560465502272
0.00017379840073832432
0.00017094929873137839
0.00013984738000328764
0.0001559983644854604
0.00019193716986778202
0.00019162802173068344
0.00016548737108681375
0.00016530470362831508
0.00015770626454758932
0.0001774899276156372
0.00016545158586790698
0.0002047131289161224
0.0001391897116001305
0.00020187230683423423
0.00016683341896328108
0.00014512443382401567
0.00016729643935586985
0.00018579915539846694
0.00017031318586328796
0.00014485320277111933
0.00019719017682751975
0.00018593614901852575
0.00016195746790441672
0.00017828686555044034
0.00016046326437463456
0.00016659212376762944
0.0001744320600179468
0.00016639623310320118
0.00016224120305166644
0.00016729271063741606
0.00018210380077285344
0.0001859528959074326
0.00015596795922069977
0.0001787913644226404
0.00018888250065131478
0.00016280074299213166
0.0001580297204827664
0.0001852097405021846
0.00018241634382582867
0.00013931062378428043
0.00016701844873118104
0.00017771341994513517
0.00015467031030720564
0.00019426681143871612
0.00015756274352399647
0.0001317648612815576
0.00017775695655183034
0.00017880766855909403
0.0001664835374147865
0.00016232610902925705
0.00018546400369188253
0.00018839840370748695
0.00016705250763197422
0.00016244206042918265
0.00015432074009115096
0.00014461131286986318
0.0001997333386412913
0.00015124243158902981
0.00018560808308501383
0.00017050669915493258
0.0001273769269201035
0.00015990328858196315
0.00016744969653004966
0.00017804296340893588
0.00019471833451035648
0.00013937594690033843
0.00017789061375300392
0.0001788680489877145
0.00016020052637683062
0.00016301140024455773
0.00016687324989517562
0.00017113124518121876
0.00018583317762400128
0.00016698914469961577
0.0001447923532096062
0.00015116740683001776
0.00014534299143631468
0.00014477278137558974
0.0001697506382472712
0.00016285667089310164
0.00015575147315236568
0.00012292989925723563
0.00016245651630235865
0.00018592993549516987
0.00012801863678321874
0.00016699108014537847
0.00016703052407439348
0.00017761603253261757
0.00017000873339556214
0.0001628857854411839
0.00015857061228195408
0.00021005406643164636
0.0001577913138278779
0.00017109001435874565
0.0001450675912688659
0.00017436117631412876
0.00017438397940656595
0.00017818896402591356
0.00019952715149559687
0.00015770609419497736
0.0001890446995616249
0.0001579293232366071
0.0001230767091558135
0.00012901162613415454
0.00018119691040934527
0.0002041123723251362
0.00017410525477252922
0.00015591157938813144
0.00013411655673636696
0.00019728849222576324
0.00018607165233497844
0.00014994429783258528
0.00013964736103222691
0.00016997301061112498
0.00019686100175797628
0.00017811309385272817
0.00016021048362269442
0.0001391305177865089
0.00015013974339289534
0.00016415768945828995
0.00014951123414159778
0.00016248184116290516
0.00017071975552075325
0.0001742554995389161
0.00017096388450898295
0.00017058324232230632
0.0001856596366577153
0.0001856897798997798
0.00017411171235728851
0.00017843292292996557
0.0001915375423892115
0.00018143728495752397
0.0001779334704149138
0.0001667249258783735
0.00016390013152412866
0.00017843521756685343
0.0001629753140356397
0.00017408274308497565
0.00018579818908378065
0.0001778253956061724
0.00017784251691201037
0.00013419312059165773
0.0001496684136437929
0.00016683146405830872
0.00014465543436583176
0.0001605811802050776
0.0001488912000096772
0.00016669162501862362
0.00015438575215230346
0.0001603612255000255
0.00016288502370530612
0.0001582414549295564
0.00017760651717259836
0.0001892297830134408
0.00015086654091108647
0.00015784998300544093
0.00017393757872622985
0.00013469216691387926
0.00018860066329880212
0.00015604143480835316
0.00014514713489795572
0.0001559004894861149
0.0001574875169661933
0.000185030768294682
0.00014502701355812193
0.0001853937001164268
0.00014452364986463563
0.00017416377494926193
0.00014530833919557004
0.00019732903389563271
0.00016659453470023653
0.00014998492464062994
0.00015144430532200654
0.00013933195601256815
0.00019477811125142254
0.00018138329485298347
0.00017415608706019617
0.0001578876561662625
0.00019468506776021733
0.00018456474514518743
0.00017805462091402392
0.00018599029680040787
0.0001806386632952778
0.00017746729585033433
0.00017055786888977846
0.00017747913893078297
0.000177616921416776
0.00018526476287266663
0.00016964932322861766
0.0001780274942035263
0.00019746734879582667
0.00014541326647647167
0.00016246403694863626
0.00016408691064959615
0.00015457691666391265
0.00018218877805613602
0.00019530633978244403
0.00012118666195350345
0.00019978922698440124
0.0001664102620120106
0.00015077999511743754
0.00017088327342673965
0.00015550119611048045
0.0001622564054449861
0.00017017264833815571
0.00014510045525271032
0.0001296901747483702
0.00017749085733642905
0.00016290879819744707
0.00016278616442362242
0.0001447384690525479
0.00014510860396417633
0.00018219147119315348
0.0001603686164641204
0.00017059461652447678
0.00016643621887861286
0.00017011544203089635
0.00017781286888467735
0.00016042013758816952
0.00016988260874687872
0.00020660280893310823
0.00015059042607334043
0.0001888325472506234
0.00018566152151230548
0.00017813607953192547
0.00016692154931557344
0.00015128859609159323
0.00019397902328051642
0.00015984533959150643
0.00016967001537672032
0.00017065356977533728
0.00013971222036296063
0.0001603926343427098
0.00017817199824239258
0.0001779019153620215
0.00015596870880999947
0.00015554086146023468
0.00014938294911722396
0.0001704068009273513
0.0001808741148466025
0.00020415409777141774
0.00017742651361353048
0.00017379249252310008
0.00018216222390763243
0.00017418424606303111
0.00017764286072288662
0.00016275339685046348
0.00015011155140763637
0.0001580539899292332
0.0001229558610444343
0.00017811326038544333
0.00016068827381669304
0.00014474345988254296
0.00018705062009289255
0.00013982239085292257
0.0001499223212322017
0.00015000745547670357
0.0001710440472090321
0.0001826389281617398
0.00017399720207351673
0.00018207601157883328
0.00016523123258173296
0.00013907191341814098
0.0001971150816074316
0.0001773842812533224
0.00016941505699132018
0.00014460587093337069
0.0002122303396717761
0.00018127182850521313
0.0001298499087822628
0.00014572285269576587
0.00014978436474995005
0.000162510001165608
0.0001771415880820833
0.00015544047237046866
0.00014896172487571758
0.00015422349756299064
0.00015119958469970508
0.00015092903200330198
0.0001393643602669247
0.00018595481405824313
0.00017403535014361512
0.0001853550591128337
0.00015985634883999508
0.00017034647320318048
0.00016258466547575272
0.00018203140758153756
0.00017434142890760372
0.00015396912060368874
0.000160305932781732
0.00016717673296568397
0.00018093503097931125
0.00016054972756884007
0.00016045031236007205
0.0001449209893523478
0.00017088434553673442
0.00015104995744228127
0.0001390945849726157
0.0001528667121343892
0.00017413240858791412
0.00016249117225299286
0.00016072246936276656
0.00017421965161750093
0.00016054387424111952
0.00017452235599855036
0.00018088564188968514
0.00016684889149467603
0.00016022449147203482
0.00017400647391624125
0.000170511133831357
0.00014998178764913356
0.0001605183526745417
0.00019730209474529912
0.0001557205254701852
0.00017064095293024356
0.00013934690434896737
0.00013417151388181504
0.0001445505377555971
0.0001579640797075588
0.000160292938377984
0.00018100749183788992
0.00015436824391236385
0.00015449715381456484
0.00016430143444466858
0.0001556448707188084
0.0001741225667103877
0.00015567658048888698
0.00016444315174845962
0.00016406723579063926
0.00014540449684962467
0.0001560697537641959
0.00016694817488353201
0.00019499354554922916
0.00017767965883068283
0.00018253770583828453
0.00017741056362070864
0.00014453170146549996
0.00016698175318630311
0.00017386835754945327
0.00014950397927217165
0.00013968233691080977
0.00015579043500206776
0.00013964431971740416
0.00012289894332447504
0.0001545022505159995
0.00013933543723005395
0.0001824023527953578
0.00016643236615275988
0.0001495022063562438
0.00016209501953031203
0.00015408136827459482
0.0001779825713997851
0.0001628235535073144
0.00014414652677516087
0.0001857682603093014
0.00013881901224539338
0.00015588571263561797
0.0001641543880126828
0.00017375732415581368
0.00016663880547187088
0.00013916294385231162
0.00016388151939325245
0.0001809182048393349
0.0001599872786440213
0.00016701860828352558
0.00016418640628768096
0.00015588914105482031
0.00016680255883220517
0.0001622327276090521
0.0001505947318508526
0.0001670514147476101
0.00016375265241403203
0.00016276881364517973
0.0001557642975023321
0.0001555399613022997
0.00017077318713317724
0.00014426732301818385
0.00017005004499156553
0.00016707936617752793
0.00017073750260169834
0.00016536312261360197
0.00017433266066578157
0.000155156176621174
0.00015833840146949827
0.00014475504837363116
0.0001598994838468321
0.0001812486495654392
0.0001634090582074703
0.0001392805476526769
0.00014913609309903523
0.00018503186131000265
0.00017735933584406825
0.0001641810760454623
0.00014426699099039474
0.00016739001889002174
0.00017402861852679484
0.00016270556188381155
0.00015830299789074256
0.00015084005316426247
0.0001665643421940582
0.00016026667092704038
0.0001395142087883015
0.00016709907698309433
0.0001778928095417109
0.00017081037370011984
0.00015019656618966724
0.00018401509977852216
0.00017054107320328877
0.00017031195685967684
0.00015006332900406884
0.00015068508132925053
0.0001997341581741469
0.00019099325132214664
0.00015525002565233578
0.00018559559753719205
0.000175005440769634
0.00016697657861852096
0.0001349912313639725
0.00015008501801257163
0.0001502860564094787
0.00015066391872087525
0.00015569399696796686
0.0001442602840441386
0.00016001574570682607
0.00016262727989127797
0.00017122938689326735
0.00015800991660353135
0.00016686353521532177
0.00014499831824349785
0.0001340125898449638
0.0001664040570027474
0.00013960192002638629
0.00017839566407993563
0.00014466052689825478
0.0001496256544442416
0.0001778267590618489
0.00016266478861063122
0.00015074198748167707
0.00012072995757405553
0.0001741715723142449
0.00016067474034595904
0.00014481106359293865
0.00014995346718432132
0.00018128873953967133
0.00014490372985225233
0.00015405004776058618
0.00017405689012814986
0.00019973706972116655
0.00015142328680669358
0.00014468902779066228
0.00016430735911687392
0.00015554024993238004
0.00017420757583764916
0.00015606831161480846
0.00018411434355951125
0.0001585479107422474
0.00017081161882701796
0.0001708572592165366
0.00015426855518167805
0.00014495439233887532
0.00016693611814473858
0.00015585872442270976
0.0001558852184716862
0.0001453135911037569
0.00014469292700795152
0.0001948670144820005
0.00013443306876801688
0.00018879500679458948
0.00018872997739959572
0.00018120703988093348
0.0001667831083663406
0.0001537740364035403
0.0001625082298520687
0.00015435833256221038
0.00016220602389658144
0.00016058618955756588
0.0001839518932904082
0.00016452775204980864
0.00016665418484858343
0.00018287505548981824
0.00017409331547888957
0.00018076634607489987
0.00017087247218917808
0.0001885173076431278
0.00015638274522344103
0.00017420900442448542
0.00016002907242476403
0.00012795641032775526
0.00017371536097286413
0.00016615837758327892
0.0001394838765569997
0.00016283442121346829
0.0001504185586793686
0.00017083305720095224
0.00016709986832871035
0.00018096690414349167
0.00014586639979286247
0.0001742002753507189
0.00016034926219868128
0.00013412576067399292
0.00019424484487951072
0.00017781307676456484
0.00014510874640909634
0.0001940478837468333
0.00016264315566152254
0.00015887888853763376
0.00015020142926489236
0.0001457839524882039
0.00017084741444241275
0.0001562623597533765
0.0001667014194888897
0.0001708368900344826
0.00017078398173374398
0.00016327242512643924
0.0001584136113484165
0.0001506609237911813
0.00013975809624083084
0.00015801346211666078
0.00014431121166196318
0.00015147281235111738
0.00015672382078661201
0.0001889805475212554
0.00017815984379788044
0.00017084974193410502
0.00015596101971516692
0.00017737666300471475
0.00013903672575249143
0.0001544103818519178
0.00017055139353596566
0.00016667700976463108
0.00013929764457878727
0.00015645689731352065
0.000134442882051659
0.00012789976308777656
0.00015616330308099765
0.00011910164667271433
0.0001668356184572203
0.00017403251345343105
0.00016197725022446303
0.00014964917103988944
0.00013954615155722296
0.00016695361045209267
0.00014994860723722942
0.00016257964798681814
0.0001450198659805324
0.00015596338419175408
0.00017746359767220656
0.00018254152204567358
0.0001444951554961203
0.00015065040788145916
0.00015838284810358981
0.00014434612996559444
0.0001556065241629442
0.00015118112283842426
0.00017787284318203912
0.00016391535180128897
0.00018236181652317104
0.00017748585513065873
0.00014460729011238268
0.00013941377718987375
0.00016375571740979506
0.0001560972420541475
0.00016024705881496752
0.00015422882971891566
0.00016675709600617883
0.0001339537259742928
0.00015634572739151565
0.0001604398044091735
0.00016005413167665612
0.00017411031387752927
0.00015114701277856528
0.00018613002480603248
0.0001824864779003263
0.00014935009154344356
0.00015031806345191818
0.0001809600996201253
0.0001396500289372708
0.00016062160496391735
0.00014982973902643725
0.0001660575344916279
0.0001506691061403171
0.00017385461271768524
0.00017122537802200072
0.00016025459445258224
0.0001561123487796139
0.00016209453396095225
0.00015617187525166697
0.00015998969927184337
0.00017769053403681413
0.00016006321319969098
0.00013453791996690854
0.0001280904792999916
0.00014507857250852448
0.0001674018970201939
0.00014566022648372667
0.0001277610070012197
0.00013949514349148994
0.0001544124291578945
0.00016039246848495561
0.00015793849360541066
0.000128560985974066
0.0001699264970992723
0.00015082726735181007
0.0001603392498340437
0.0001605163682638227
0.00013971205299172313
0.00018257704827967438
0.00016003440490135063
0.00015617655377595289
0.00015112014988969644
0.00016983435319480367
0.00016653718843677283
0.0001393553442590036
0.0001563644837751342
0.0001340451747515272
0.00016699591272432613
0.00015086953425865794
0.00015160988013439755
0.00017060142920268727
0.00013398222119824325
0.00015099800892353496
0.000145391485525333
0.00015555249520389177
0.00016260615040190752
0.00014997990164432638
0.00012814550219633234
0.00016221452854202112
0.00016724644473511293
0.00016664517419411997
0.00016440297771327388
0.00016019658892537267
0.0001621407052314605
0.00014517727307547694
0.00016066990860458746
0.00014449715560772608
0.00018622800615993387
0.00015607848931001463
0.00016664785453162753
0.00014530652028404056
0.00014564743641193984
0.00017001558903222803
0.0001623967516456481
0.0001780782560880703
0.00014977210441089492
0.00015096332617815648
0.00015579907000395094
0.00016027833039918823
0.00017094489569790847
0.00017050809015027867
0.00014474528820974104
0.0001712059365960531
0.00013270639526774484
0.00016022826235536082
0.0001341374076568229
0.00015568705541858425
0.00014450232399940418
0.00016263226777055997
0.00014482852265054725
0.00015790680926415688
0.000144287950486021
0.000134454940528433
0.00014541568066223909
0.00015465773029235504
0.00013462576547597783
0.00015288099622051473
0.00017804575010579195
0.00012281107494615956
0.00016523160300914596
0.00013447212325520838
0.0001561067639608632
0.00016271347627734134
0.00014578525311208294
0.00016006611831340638
0.00014957353691153434
0.00013354263232768344
0.00016684705066472634
0.00015615059915968584
0.00015325712046768218
0.00016225375753044173
0.00019429550087384965
0.00015585439494341464
0.00015739071704920618
0.0001582460131898973
0.0001332381308242153
0.00016295479497450768
0.00017091292712228078
0.0001623221298094373
0.00014510385679261727
0.00014510167046467693
0.0001446713834070853
0.00016025620899967667
0.00013921269397707735
0.00016680271567397393
0.0001701220842218617
0.0001642863805660803
0.00017031925201453532
0.00015808169126808495
0.0001445312377757817
0.00016738204325506502
0.00017060876541789973
0.00013365168393841763
0.0001336713225205702
0.00014964275310626446
0.00016234472053624737
0.000185698256297255
0.00017427330291002198
0.000143703608763472
0.00016715144267214516
0.0001163801859852579
0.0001340786993681767
0.00013438183472184325
0.00013917809687069614
0.00015086174763617938
0.000139337234399622
0.00013398819477456806
0.00014513169809496354
0.00017391580723551041
0.0001739639604177005
0.00012105099859190874
0.000135003917004462
0.0001706533300986517
0.0001338651028739612
0.00014957082858319708
0.0001452871131435146
0.00013298982994891582
0.00016284766402215576
0.00013401497332010792
0.00012822949812494222
0.00013323039999656047
0.00010901890162877122
0.00013943138860908664
0.00013426741932771888
0.00013943799710358626
0.00015600998374023668
0.0001553969542665334
0.00013923596772294537
0.00016041482447327313
0.00013985867748875664
0.00015145804457718213
0.00015048912386455204
0.00015775061994859304
0.00014397723120791237
0.00014482106311389047
0.00014863201848731015
0.00012942524510404466
0.00017410374433654137
0.00014450722063330903
0.00016306507487639783
0.00015825803121946046
0.00016673799958276226
0.00014509717570842539
0.0001679768914659899
0.00013950189491673102
0.00014475322758482828
0.00017069917386886672
0.0001390261622734164
0.00013445948369739195
0.0001666435434821177
0.00016032675738219222
0.000139109197520615
0.00014995849180942248
0.0001446177592017913
0.00015633994141402217
0.00014460207658100087
0.00012462654661907926
0.0001556690527170734
0.00012765463117523398
0.0001395552687141576
0.00015867343222468136
0.00011627091581153537
0.00013961662392780142
0.00017415283622258777
0.00014528649752425425
0.0001606818458184127
0.0001542645754941006
0.00017784666504739528
0.00017413968406117074
0.00015119603183614172
0.0001392903919460262
0.0001558774725437675
0.00014549463287801115
0.00015575815777349133
0.0001493551477822808
0.00014907225112033686
0.00015136784079260572
0.0001602318229123782
0.00014500992967412816
0.00014988485712326356
0.0001512766379271615
0.00014580207184389642
0.0001450788551294608
0.0001560235964416885
0.000156017918648755
0.00014496458115114655
0.00014407362237777824
0.00013864151738288662
0.00016437679127056343
0.00016244915081482648
0.00013910803573807275
0.00014943399039229517
0.00015553599044787646
0.00014988256223595901
0.00014563241721590113
0.00013956130249356935
0.00017098893623930755
0.00013420127033933338
0.00015054141420563894
0.00015006383357128364
0.0001744121764098101
0.00012341823490373083
0.00015373631227693244
0.0001290352510098121
0.00014487603368346989
0.00012957808626219466
0.00014482468545528015
0.0001775709808340585
0.000180983936625995
0.00014502900502203774
0.000185637897429119
0.0001540952221286301
0.00014537897429907213
0.00015590465205999492
0.00014524056511632668
0.00014397109132238215
0.0001205245038786479
0.0001603559302436929
0.00014950159829043067
0.00014881307708563985
0.000166589901959079
0.00015418696353653295
0.00015852561457511754
0.0001450191203564797
0.0001509015120554233
0.0001229795937781318
0.00017434412931164402
0.00012832515982759478
0.00016737455659013412
0.0001339600867218019
0.0001558124109103853
0.00014528261461444706
0.00012796999599845222
0.00012867882767660297
0.00016421548950665803
0.00013956417555129042
0.00016732978358597006
0.00015808500737114506
0.0001505724533600725
0.00015035799286527822
0.0001501865332515895
0.00015429818212534695
0.00016002165066143783
0.00012981455179181503
0.0001443466815836148
0.00013947957160698467
0.0001287075264543262
0.00015997921927462234
0.0001561461331437488
0.00013972719959829452
0.00010814274122108886
0.00016053524167802466
0.0001232005256064153
0.00014428119347815264
0.0001489348471025722
0.0001289859632567049
0.00014982853650269087
0.00015093077051902474
0.0001565707688849772
0.00017485358530133443
0.00016678234027012873
0.0001451003563140001
0.00013475894146854024
0.00015565775741647396
0.00016669805472456996
0.00014472013117710998
0.00017031032017358866
0.00015441171432860015
0.00012910352393795144
0.00014968724981483287
0.0001391796553790082
0.00014427813013920035
0.00015625756364578635
0.00014990152473685542
0.00015582474482962367
0.00012059570299735844
0.00012310557459363657
0.00014864725348750162
0.00013938333044812378
0.00013369749978458823
0.00015603495418287176
0.00016002138696672976
0.00016697267929513125
0.0001390381764616834
0.00014443594142205272
0.00015045858151716357
0.00012787602578477532
0.00013443527459860413
0.00014377394185943634
0.00012883329707610053
0.00013949827822798633
0.00013325586863726106
0.0001225190485089889
0.00016720612088794122
0.00012781193125822456
0.00010880050359026594
0.00012092766173717567
0.00013939598291499953
0.00011485157894683356
0.00014525972743777645
0.00015003777021951656
0.00014931969506804546
0.0001274910687722121
0.0001448003227751038
0.00014507106962947407
0.00013959379593912267
0.00012240619731671967
0.00012323321953667838
0.00013975184969756548
0.00013943799278786856
0.00015414282219908845
0.00014479580573926063
0.00015105664004068015
0.00015588680315748027
0.00012302414166462803
0.0001337683543315042
0.0001637856271590028
0.00012784465078685025
0.00013455914123898044
0.00012306933625611343
0.00010849922264975269
0.0001394153457799503
0.00014395555849886993
0.0001525424587406057
0.0001446305964434531
0.00013924211699301785
0.0001336676135147658
0.00014931324070333588
0.00015095902121962758
0.00011633647167442573
0.00013968710411868152
0.0001509694343155199
0.00011470451683098935
0.0001345270793330972
0.00016063710210788547
0.0001162083067995321
0.0001340830516440625
0.00013365924975672396
0.00013426721289035027
0.0001397624057102188
0.00015598001518847348
0.00012464555028417475
0.00017417298893701173
0.00015591504363991513
0.00012447749079213234
0.00013324928003479602
0.00012923265124188733
0.00013941955680170267
0.0001276124152203303
0.00013387610212904616
0.000108885686354914
0.00013334010661992098
0.00014473647664432526
0.00012822883401332979
0.00012268979220622815
0.00016991421469513687
0.00012116614985424312
0.00014996136646517393
0.00014978613717043257
0.00013379794441166178
0.0001183424275595617
0.00013374976215933514
0.00012295780598190145
0.00012929982017510024
0.00011561923525573311
0.0001341138739330609
0.00015017654839804642
0.00012124348311104554
0.0001276523890182294
0.00014499507593281833
0.00012896696973281396
0.00015519692722727645
0.00012759700360713918
0.00012894591080287162
0.0001289670082986766
0.00013931545407668057
0.0001279823869663371
0.00010837007270196144
0.00017450324799092324
0.00010881078391430151
0.00014513255301557736
0.0001523001982491096
0.0001229135688256354
0.0001543315212397941
0.00012135473883922646
0.00013375098669494306
0.0001449434398197808
0.00013925726006601993
0.00013962624289812792
0.0001242757138015312
0.00014468162178769354
0.00015835358094910194
0.00010900729364185348
0.00013958600163135193
0.00013367570961636159
0.0001558159837672393
0.00015085955404771248
0.00013433742921065606
0.00012106041553967634
0.00011595485291563537
0.00012749013570257452
0.00012285217482595353
0.00011895070718668331
0.00012817682699040422
0.00013356112704659712
0.00011852710386155095
0.00012049902305843174
0.0001228407623822661
0.00012273829254003674
0.0001277236376341512
0.00010513086936550673
0.00013405027044822637
0.00012312856243519747
0.00013925107090663732
0.00012054334825378823
0.00014518397655150452
0.0001390391950985143
0.00013416915819934065
0.00010858495206604277
0.00012470524357023738
0.0001243890553310378
0.0001627422957080634
0.0001339792982960086
0.00014481619240609735
0.00013408577106111035
0.00011664551106376695
0.0001041283597335182
0.00013430704610706314
0.00012857108394926663
0.00013368966176077138
0.00013402656933443906
0.0001510052487203673
0.00012109413221426803
0.0001276450439512018
0.00015568625958641528
0.00012274569081128234
0.00010828546135175175
0.00013961659509990258
0.0001123397913152021
0.00012314109556737637
0.00014485898835149918
0.0001045395933050019
0.00011626123112531492
0.00010509140156552019
0.00011167689561200165
8.38878365081461e-05
0.0001499113895497327
0.00011637886089866211
0.00011620090519470372
0.0001667852976152014
0.0001189756811724481
0.00011618576122799329
0.00013392950123439202
0.00011673661941638097
0.00013416084005635673
0.00011641844767372598
0.0001626800456022994
0.0001087067963888258
0.0001119075489723686
0.00011643764631854893
0.00015734246871469698
0.0001512675171460388
0.00010435101683491648
0.00011839397929940046
0.00015405458479446073
0.000144424751114561
0.00013900175491911163
0.0001447262262600663
0.0001229735539857533
0.00015010559796519137
0.0001223244964796197
0.00011340530453902247
0.00017407734116429177
0.00011599234079526595
0.0001208702628143842
0.00012885511427497898
0.00012794684247194245
0.00010471961895940569
0.0001121933175230074
0.00013337282598441746
0.00012779091927090484
0.00013388147214802963
0.00013935789328319844
0.0001244202528462994
0.00010101285216162921
0.00015811982094409804
0.00013391925997850056
0.00012906877972794427
0.00010853070366147928
0.00013946198788518483
0.00012823579198510584
0.00013950928250324257
0.00011197541061513461
0.00010474801019643574
0.0001165364505332889
0.00012802207561357648
0.00010102095114929042
0.00013431465902502513
9.989738082506209e-05
0.0001264465374550741
0.0001010026713957822
0.0001230479705763913
0.00011177393768086632
0.00010484592935580034
0.00011611770215231756
0.00012261253098625694
0.00012109244918994732
0.0001451797456633672
0.00010463482859239338
0.00011651341845669546
0.00012012890531638551
0.0001337047836645838
0.00013437998134783463
0.00011191702443468299
9.350018974931494e-05
0.00011612907201084322
0.000127501344026399
0.0001227746698214531
0.00012806409859562743
0.00013291467466345876
0.00012900219918751725
0.00013402298397272865
0.0001278459208032361
9.620248795784e-05
0.00013381418539305903
0.00011844537798268895
0.00011858435661462921
0.0001396223148403729
0.00011161029412931805
0.00013962259201545196
0.00012909638404248774
0.00013297210178405235
0.00011670193160799071
0.00013979477173074566
9.64671306114932e-05
0.00015545782638100438
0.00013983027332383605
0.00013384868949611236
0.00015096485649745658
0.0001276729655025243
0.00012788774586313718
0.0001185859970329927
0.00011579530454532814
0.00012729331642388715
0.00011328450556733075
0.00015604623017461194
0.00011619782186420165
0.0001337166632688632
0.00013949154193623352
0.0001116269427137084
0.00012784675343349304
0.00011218703624256834
0.00011822293738529548
0.00011619442287892839
0.00011117705689465982
0.00010500290409358009
0.00011617825445810576
8.396228424278406e-05
0.00013923755513788475
0.00011184991339740003
0.00010876755501103871
0.00010430759331409659
0.00012282193754187916
0.00012872410986055588
0.0001225221168592095
0.00012454882742612972
0.00013967212200533663
0.00013295412857485908
9.275335352358645e-05
0.0001211763182386149
0.0001456327855395349
0.00013971536890899317
0.00012796757248632973
9.373272711073073e-05
0.00012777147812276444
0.00012317415889882252
0.0001185416622220437
0.00012805133423926215
0.0001080132722221741
0.00012640934999186585
0.00010869415032656124
0.00013511505480045253
0.00014554516939275044
0.00012253938015214003
0.00010857488083483975
0.00012314517130906032
0.00010860011675621897
0.00010912794228381314
