46.880730190046144
66.52462480253205
41.9654238107675
17.450243544543795
44.341966595946886
43.30876501299553
31.81008389216803
11.082714172249357
52.20538235343276
23.33447824291631
120.42420489383073
36.04732462144546
69.15358957939272
23.67354091499973
38.57297923808477
59.865236322263705
31.09834907195507
25.657187230655
39.86439342893915
40.32681925616786
70.04818384798516
71.48748450417796
47.954280639023146
19.354480710953652
52.261788498849846
74.25678300540201
62.43888107365199
30.42182305321636
84.02086242495588
53.60955741897886
31.193937963160977
58.404142393665815
32.37790528671276
51.224613352222036
48.474191203056314
42.77307057940209
51.48313843472207
90.27391369982615
60.60801745350195
69.11726649145614
75.32135035709693
27.936901020757936
30.375730513928545
67.31961673901398
52.49802623322887
50.242552332502065
45.48978479944583
52.852813030198824
45.64663996389542
102.7389833641296
42.79476814206472
39.45847846881274
47.58147607079941
69.19291050425336
65.62664551123662
62.89790326013223
115.87004076736565
25.4443688062624
48.422515021687495
66.1024323233441
32.449036028865414
42.925290349292275
46.015466404733374
37.025034268923605
69.70877975834875
60.26335567580562
33.139023373718395
66.18383690559837
60.820309848727504
55.138416841149834
25.474025489633583
44.75026326107683
69.8886702739243
68.63444978797632
81.57207106298763
36.873967355083536
85.53310317113419
42.943421549748834
69.19922947380886
50.89807778455039
65.60842126528733
115.40282259098241
65.5124133935748
67.05467169369943
77.11897165682652
66.82410009112182
46.70152360161442
88.60563198020446
86.52750037959693
40.97075836237383
70.7821709506444
38.65568982919896
58.116165663592554
36.62806712131901
100.4425195329522
73.85213765539335
69.08222986512644
28.407255241779424
49.557803610366975
48.62936798667714
45.73882027217905
49.180121661795255
39.59534091276255
87.26704306164355
69.91888506652789
14.684848219631183
51.32963763034354
48.578051157270664
60.65418711847848
42.89372224653984
26.222862444263075
62.511636891371616
61.00678675333023
88.0587927534348
48.723697837758934
77.39432858577143
38.40097265777269
56.03828050874913
77.77963308205723
77.89086265285738
65.37408256897733
69.81703136078613
94.35899892077164
104.86594280249385
16.17896209065372
31.332789372386333
61.5043535832549
64.26188004156323
62.26527206730722
60.33496264169547
47.035567339895074
64.21920495587254
67.40171391048365
78.36900522409992
68.71278082535167
48.18945453557898
39.59769114486354
67.67107231603278
41.418509710422704
63.86569361632231
56.11609514974997
29.27659593926552
50.48802959950305
92.06242961718482
52.07340459227906
101.94176388388097
37.16522774322765
54.16142636107689
66.07268491673722
55.78256603434123
55.3942645184767
46.77559586845516
43.14625339590291
33.67609151380409
50.59579215645292
86.59742065755592
68.48112629543508
57.64093365293578
49.03452630828388
79.95811163598705
52.84517237419598
61.4458526229289
52.86587619470847
44.78596875812599
55.23701959162833
41.993463982005444
45.470337198870794
70.21780987414277
79.69610592449257
54.07631577383783
68.58408358604922
57.39688406022291
27.85632715040494
64.80328851142839
61.3233688786487
25.722618034312365
77.35534867080656
54.69051631627638
25.358651813338142
80.76041319095593
24.98001969445696
46.157218105347816
55.15942887817731
69.78989388656147
59.63283383572978
57.61582557685897
53.898580575787975
51.269878603859894
33.616271213733235
87.78521775371317
67.43230582989673
90.98539127295106
26.15392799948832
63.362759084907545
17.890609168535075
49.693510877515735
72.78446405721128
51.23060006848019
72.19970281323802
49.43950004239036
68.51568612426364
45.190588524937766
57.70855400175781
55.9708096742794
35.17322868514918
36.713853369566195
57.52271477155945
30.671466497586255
89.42425432660738
41.62007353665287
26.42395795351617
72.36729411392974
43.709711989003864
69.78618617877687
25.122708709176155
52.705291026137715
76.61787212862272
71.5978803692828
38.014541823751614
99.35606965648331
82.88344933503944
46.28833097038891
75.2495223479759
68.68679809184941
28.64091576126373
74.75611616465747
54.294659312546855
48.908929808614964
32.25593842212235
51.31557033460271
98.70815217515695
69.10689623986012
35.360939815044986
69.98514485287973
24.05862613629395
60.148743746873215
54.78207967120929
74.40466960203719
69.0803650530732
54.54647886067619
94.88127016042621
65.216309413598
49.10424995846263
35.607954174934584
34.98212636451624
92.7045135967162
75.11018576125062
112.03425381378473
76.9782828975943
72.03209743435504
76.13826994522088
111.69372478154202
46.37661522007782
48.888133509687506
67.7588084365685
84.38591890708621
112.39336540600166
65.20920697008053
75.2353623887444
87.72592344598762
84.97736484864748
80.69904516029035
87.79501518565242
62.72081340147316
86.01024797474629
39.26251193071416
72.46387901148282
60.89807457673208
49.498185070307876
77.30072596510348
91.2601825148681
79.5235820307297
88.02818110980998
57.94277926865817
88.37192275225996
108.04781884199198
117.40039160134661
71.95527703417412
37.32043868455265
68.08427822209292
49.83866991517626
58.397988434768514
46.830177991249656
67.96173517423162
83.56515121034317
59.9169773814395
63.56736738008912
113.55223801620266
18.700716507632073
65.82672459688946
66.03313067233135
65.42452747376204
91.90759997403609
83.9437592527268
55.10539318909829
59.93696193486913
55.44057304846514
93.02102121215103
52.357120804557674
101.39917538236385
35.80025917371801
99.94827746402856
42.582853122592674
46.38841327282084
36.79077118898047
52.18503625341945
87.79398154374675
61.112885945396485
44.13646807373265
87.29895083662834
68.2063984234506
92.63986234746693
81.11048894697265
83.04421924450241
61.75637621200851
87.58223702079277
97.33019500113444
45.94375250619687
50.93273167931089
45.59350566176987
81.29123321718153
72.33040062264868
68.0909777783277
89.9297253898135
22.332597456335304
82.54298246838583
50.28748345712714
33.42180175794275
85.93703204344042
96.13967086058724
89.77945187064661
92.99210328488095
100.27608962110557
128.567423547384
88.86237938536853
94.4796491294868
161.4681602443405
96.97213142540808
99.92725649848744
107.12437401240004
79.48187946147483
73.53282443421054
106.30180378767089
114.99909486907511
132.25429918912408
110.12192592151357
88.76874995309979
113.23973815446905
105.48428143790443
105.24244852250298
143.38665271308548
111.8604994874066
144.90821365397423
107.43129596736635
105.21219246374726
90.18851698762023
139.88102073690175
137.9000632535977
103.23065785487789
121.83720945574068
85.67675657851846
79.21641016139105
101.90270508189853
153.69938858791832
127.73469230277067
137.18541309143342
150.71096258217858
111.4658063807209
105.6274778740807
148.68622729010426
82.66923806709518
99.18010144314935
36.93221847030023
116.33964784635562
129.0272659753113
118.36520247950209
18.848899878027527
98.04193886237948
121.91834520359271
95.98639229198938
94.59155522328228
104.98931609340006
89.632652710063
96.54084032935481
78.78969995337464
85.2378822663969
119.73558575644245
132.27027041673296
129.2171054031843
97.19911909008391
87.14719517145491
122.35712873870312
68.8332737557225
80.37021649951582
59.59797424068551
121.53377975576394
120.92510011615464
99.07346804845692
135.21956027600064
112.23072307606071
138.66964772626332
121.24977574680472
142.41158338182632
103.29379262029934
104.36128452561823
98.77411200698542
120.68773318405862
100.45408690373192
100.00770207295987
131.5557873268788
81.64912029742244
133.64848192862237
141.69193075926498
105.20928056223651
91.02613471538712
111.17285847761363
125.77468187266768
136.4664581136954
134.2696770824777
96.57844718389134
118.45294133257313
138.82540891632456
77.90535061181399
150.43142731997494
110.93844401926306
129.59306528443696
100.2976293148816
115.09606836017987
108.44633526099756
130.72827467239136
89.41998672092424
159.26604151129558
120.24655185097039
118.89881849085579
126.8655902335068
114.53079125132248
118.87970220150454
135.80776223465784
147.66448866965192
103.31590463205077
101.90828179032975
125.3360802802466
108.81646382605855
91.23584451451978
142.18555053433377
138.04525747874487
135.30925519256022
136.10407289962225
138.5498931682783
111.5835795098532
102.89358156205708
127.00932409769423
108.44705371000893
129.28976121875155
130.3077580750409
119.71822484430953
130.79317421349802
126.00835200845391
148.77565454289905
142.38413047939892
126.29249530813476
137.66450459835565
115.9463497654097
121.64021979095939
146.31081355157224
142.84414494691478
138.32350385122834
142.92417991452513
101.1106989865649
160.063424414185
134.4969265835823
135.866185435199
135.28447438399303
118.46725207276039
121.65592941013989
98.53717511098145
140.22804981029068
114.85391734737962
134.40465234757292
97.12830936114106
124.14578311878884
118.320775323701
158.94863068995673
98.98548388849497
141.39952343021852
94.82796119964226
74.8604795797893
84.1693512683366
75.49705223162711
111.77258076793348
159.48860854969632
120.50762294567087
154.5355936097377
144.77846696489846
152.28330523915676
144.09531857587473
90.76095400548272
118.12296982089991
70.24268597893793
58.78027444667355
133.20726817846324
144.55168930321958
147.09363749163515
78.01164019203983
69.0423058568985
108.84992327796198
114.42658574190109
91.34920940736079
117.4703378704613
55.84237806471479
141.43533402347435
134.08258171208257
139.17509861150612
158.52806755126085
130.3016200040832
107.96223611174752
113.17524940964064
126.01024767311547
105.63001857172229
118.68959414716335
113.21572249115441
94.87370868748194
123.56334922112259
107.5634732543485
96.99456820211739
97.02422430887123
124.1299399118814
137.31713287554726
128.14550296822017
102.42882641006432
133.33326534759252
131.1540167104134
130.08519755218614
133.7952055517963
108.27333093340435
132.59880926132934
159.53039027388462
140.94012966002532
139.4036817994158
117.28889810572987
133.14175532182662
124.149225915951
99.49880584999411
108.41399072401494
130.96528814434924
169.06698754428754
132.51608695995128
107.78457711311785
116.9237182338213
154.2024571338799
152.06216256539614
100.92017875486988
50.42325626414178
119.73692983321607
104.67512345540548
82.4750736866813
125.94048398686914
105.22346401533484
118.34138719809167
143.47615612847062
147.25529383834441
118.9244690524121
129.58278666830728
107.02099887858861
155.37988082036435
152.20246774761446
117.02899495643787
135.94629375749594
128.92944493193238
138.53861226734577
73.66068946228815
117.25715018377701
115.46652285907116
107.23726020666136
109.8614901875523
97.23382983636941
119.87014966058472
99.89619457600821
167.81344203945932
133.7281787337772
117.8258428095984
102.95625217025112
130.0515956057807
76.87417697678077
125.04818446899264
79.71274513245564
124.85393126620475
101.5621040187282
129.23326929191367
135.40529796530998
150.25752186343072
136.24884395826282
87.94809250106071
115.61010641128188
127.69520133178638
111.12356967565157
120.19836718641913
125.16998597422756
128.06042137672407
98.37919239722393
76.06359639973043
106.2617395998865
127.96125585414389
98.32034587815649
138.20011761176775
129.4606584509569
118.41803941684346
155.92358040949233
113.16788810790304
134.02154027864037
98.58887452689636
82.5908164234386
151.73682250218778
161.69385275355683
152.04044776073601
133.53068727233477
121.96548792290432
148.10674644200097
165.08290899506605
100.56439238499962
108.26493884837625
123.55032579746705
121.56193312263488
129.67050573498997
129.0616305173447
128.53023083544556
109.160496850784
108.15547460251253
102.28163944229861
93.93601080755829
127.21282687996096
95.49339684166907
120.75789833474278
111.97657496835717
145.17539753171624
144.69175843467943
99.95546374713682
121.86912882906192
131.15037735953155
111.70496557466966
108.10189051665505
142.7633103159672
138.7584362967182
114.20926635380414
96.71001889113148
130.99335187367618
149.41062201794577
125.14516687580652
125.37662739335136
97.54467503128109
146.18137182421387
135.80927544762076
97.73066697029873
86.9808755202733
132.54707160935928
143.97342507198957
105.17861398361917
111.12521025357265
154.97449592202892
112.5508082065129
156.46934286395262
134.30138032267496
81.6978987140606
127.30085416569258
143.325849825331
118.67916964633102
115.74338759149256
127.33213764236332
140.2242811605942
151.74901413186058
150.80862614861883
93.86771662834853
115.26941147894509
128.14505506401838
128.74423842972533
120.20911013571106
119.41101937979253
109.78387861765988
103.55653441177758
123.21752251390446
94.09656223083095
101.37805775845243
128.09588327463138
112.35932120803955
125.90248681850034
154.68540460564105
117.55607223570212
118.27496844905025
136.7900448138958
112.76969908903048
86.22032487462184
118.55717789899839
106.44686906906223
122.70349428635842
127.669392834606
95.76941707330201
135.68594467290836
92.0785064069086
138.00642640402432
110.31607364289385
113.26104620244487
133.86656880686408
128.61184022074644
152.56709506978413
134.3302751553279
118.71527424614875
111.80852738814467
117.89105645678332
101.06403884766706
150.50628023718588
145.72137534262384
138.6945487161782
149.8008883540642
123.96463497325075
97.08819312204311
133.01479072702978
108.89589550917779
144.91845846731073
140.6492790567339
121.86799004049415
125.2417014479625
91.2622972246297
128.3495835225124
159.65313263898236
117.37267491671506
122.58040478867557
137.24317574442068
127.0659808800817
110.53958922450849
131.38848762054343
130.44846531642577
124.2132778543874
138.57999885173166
148.2809809707391
114.95734761690873
128.07170437210516
116.37189653117709
143.5212711298077
104.12741337070413
109.30494060709253
138.80760008136875
134.69987043351455
108.9998384362529
118.84631664707895
156.36041161048507
137.28475251211316
134.91033459998687
109.23426444764532
151.93242576278323
140.93341463463145
102.19673686781185
127.39846202550883
108.7931911805345
128.25353417191027
132.06024581145888
129.6231130737416
129.24417862063663
128.45627392729256
98.42124302209062
122.52139703543999
111.53466431137463
116.63557898321623
95.0218243759188
140.8189951766241
128.30202400548384
156.21898459325917
117.87213176584508
111.07639450077185
130.09913001938824
145.29171660830545
125.6696401915194
87.86073335968518
129.1988962241803
144.6434838273872
136.59230438124996
128.58998997880434
118.08690828346249
134.950346675242
153.74699609724644
107.01368103028497
130.53822049331234
125.30902379990012
157.8528552417548
99.02568832030107
155.8873634871092
170.18660908995847
104.95692798311624
116.73948966064634
159.8923081947824
122.00461760955254
141.36854127202014
134.2806123684273
145.28916362939998
113.95024022814891
107.61026588174558
102.99575301896799
112.3912704650843
142.22411233689587
117.19262751589332
151.33264876036864
135.41256132787598
114.97319857848312
137.10983723251044
140.86409165658748
125.34016066075587
114.98641320724298
108.51805056519736
123.69927271823228
174.98638652262332
122.24731702249983
132.88774990722473
102.2968092911799
144.76577962454385
100.80970557440924
115.2864542672696
107.07014525428477
95.13383381206431
138.7335859814475
125.13890020687023
157.91744238706607
165.751483777323
142.40165929616018
142.34791249617933
149.9634573185207
112.0788538328929
127.64930877909978
144.80263858979262
120.48438595100569
135.9900012819943
132.91877931403445
119.22815632426519
159.917294433253
134.68192272779908
143.34198548400977
138.2018279218871
136.8166658425587
156.96780485337635
140.7265129701041
137.89399982048812
153.595562791136
163.7825043351501
120.58887352476339
126.28719148485133
133.04877201708535
129.2531224515906
157.38086569719044
116.91631399066917
139.37137289013435
126.47106906032334
135.84006124435956
143.86184877376877
158.1296381513087
123.20460106448931
120.87817069928249
162.5011872443241
115.4426086037842
141.68522603133763
140.0655054414397
133.68576023474893
140.44882638578164
99.78266230853538
119.10379564040367
144.80780194376746
147.48804387419435
133.16370862222234
98.74385373893077
130.91716517617894
97.08422491996416
142.70397365096713
126.56315743963788
135.61469302754864
158.2138189815308
132.2974370312295
139.67942054802137
141.51264886106446
103.40664128148484
157.3867825766697
130.40310729619935
130.2006638190686
121.40450111304821
145.20656680668964
159.53116858199724
149.51748162758892
121.81304316377427
127.6635166523634
150.54244882074306
169.37919937567972
118.68892917507256
130.1586114998556
137.26676932695725
115.07804325544687
108.8067283236415
100.87592457895713
155.01477439828213
119.89162720249153
144.58209078497657
96.14890825804194
125.17251530605154
108.36773694051024
85.98116413910456
145.08572931258882
101.80587439857473
132.05029305345104
138.65025887035114
127.628714043969
138.24707966415545
142.8776795110612
131.85973543918166
108.23161973358529
138.7562964595509
145.40649105369033
121.93716654806714
122.79342796906323
108.98558303357194
123.38362842820806
125.01038252248817
173.2596218564592
133.8415658114162
138.1617597163173
124.044295089735
124.68947495630782
103.7421631186948
125.44805571705074
115.56483064525048
151.33611193935573
133.37606970370035
147.90528060729378
142.75977315870043
137.81245962210903
126.89810210646763
133.4759542405253
150.5851428584784
138.8712096226165
126.49697956533272
92.98108951864086
111.66380796572952
122.3862154240956
138.5930453044873
124.71686586071482
148.91242138998211
132.7900584494474
109.30808305474679
110.3925165926359
92.62647280014666
137.09053094921654
142.2657502904635
162.31553291871361
128.72802627262084
118.13089849480045
112.33567739698834
128.93307576590067
127.43022794748089
119.09795181739433
137.63475838191368
139.44711928385897
124.59073376907462
126.8973442929545
133.32427153134728
140.87416663648898
131.3749762902374
112.0346019117194
147.20916890815047
122.9937351207493
126.57148027833388
117.10580430907547
157.0832107946208
133.58609133491169
151.32665852692116
114.20086911900047
156.83214331304896
134.56898041825127
105.58702667645778
142.85116988707568
128.46881690255574
142.2201797130743
108.68739846018887
112.30973834135222
63.733604676785085
90.99601095741502
127.4165120420159
101.69402557506004
130.12991027506212
125.03573872047242
140.80082426249967
122.46142030863508
120.5186643356519
128.0904671679474
101.8035308740643
143.3359883338491
68.38233917003257
132.1886297614155
124.17146658347835
135.68479278960814
112.90091231219196
154.32292363388558
123.35086010793037
130.62921307835987
126.82897616533745
122.24460966948334
141.70115775588522
128.47837915661435
122.48890903567836
132.74191749714333
126.43590689810364
121.08299531695154
135.68778429227197
113.69735036483547
117.71297503557673
110.30318682225526
135.5399594006442
95.92143140114716
113.25609643840453
103.76915556011231
153.0187223549357
126.56588524767119
124.13321863118892
109.28600469200752
113.8156550071199
118.46660573334266
130.3758612500176
111.58752099761422
89.66279722046718
146.01216769320786
122.99771556099736
128.8306173842997
142.6745816832357
110.61883734322875
105.04370642378572
116.22878728141569
115.21375831589579
85.26271343043136
129.3997041844478
127.77581479147373
148.1205543840096
154.85884885979797
104.84021259544274
120.86915083375241
126.87951356193052
126.77443053191206
119.94174877716573
103.80825079070692
138.6893759028131
140.65990309184502
107.9652433123878
115.07252095033614
128.19375014186747
147.05703245270817
104.18296216563937
130.96580181883417
111.01728790727148
132.69525687520832
113.71062157547563
108.28030866930794
102.53858239742962
142.2142406681902
106.34727946864136
106.71250202284618
125.20905452018788
82.63755585535087
141.2839689590673
118.51177151315382
76.36183343323101
107.64130696336754
119.97829932447563
131.19559669572882
158.3858926673903
155.96043436238392
158.2765321871629
105.4596089151427
123.60421386601303
156.8578597434909
142.53422609819327
124.75296213601688
90.08468124392948
136.39714496506227
148.77410521278298
117.40911398798184
123.07402680423218
121.60645882419095
141.14140221933866
121.23146739486688
118.83291564889907
150.84142640903855
121.66783533426917
151.33974250758595
134.47788500438494
141.35338687623346
128.09853148020088
136.40070733387665
130.72657745092775
129.9157635073317
104.33030757327585
115.01251882213165
142.20627720670095
97.19364254458557
127.01352587700529
116.22258597028345
102.11528720678393
104.19201171385674
139.18395476803343
133.19377513122515
107.8209534078083
131.4762977497743
116.91848595006608
136.76929896434635
133.87288614692147
109.64560490307228
123.32443943329382
150.91980174965445
132.11802337841354
127.92413240307036
136.83148756264748
109.40246006123331
146.06465269498386
109.76859071835621
117.5435437098943
108.52225375832852
125.42192474346079
98.9710821028727
142.26915719304517
149.4930135294239
129.92892997543
149.71899363837454
134.74616479419043
116.27898573290256
115.45034892442408
148.65345171129883
105.83641748423865
142.8552578051838
129.34502918907395
108.40667041165159
108.6179392128597
128.48120793366928
125.01980585066178
125.12492822550429
112.38525931117144
138.3074553526787
148.37205459455203
83.46031373864969
131.4980800408079
158.1848902663723
121.05874167652358
115.18104305390611
141.47256622382963
100.12312563739577
91.67563726181982
134.3314592730176
156.79370719693134
139.30118512790898
147.50927090744747
130.7929499584838
121.67402345968422
117.44885860120577
120.41595756946916
140.15911796958017
127.17393553769325
126.88951186363529
127.84473165691105
114.8719536831002
113.541765421867
155.07612928770303
97.28211625769498
152.6104489572163
121.82226036890492
104.21628674443089
133.97941257238793
138.65337156877314
135.02266860246712
136.99167011757027
157.0908525088982
137.27487086685238
149.6012723570247
131.55779776015433
142.22998766570154
117.20190218230714
123.63004789293184
148.77198410979045
113.20492102299195
139.68876322811386
106.49144472150778
133.09438941861038
121.72862716110323
154.11311641438118
108.64814232738603
123.41059011994565
138.29456012439522
80.26355114000535
104.10790897553764
151.17660640220302
126.66544059844247
138.5361767236455
159.54265790031653
150.81624668012705
141.00593850371183
154.1038730542034
136.75341868296147
126.01677914689374
141.68271414239314
122.26191997383019
138.77448867151347
115.79411929978411
119.46827498294243
109.88708003093107
143.78325133067872
127.99704551129503
112.13320342794016
137.12501598205924
136.36976813432148
122.42840847840927
141.72470103669764
134.90182430298663
129.50486918575726
159.30141089335842
126.0792403720471
111.83761042161485
106.15640451156567
129.7747400749837
115.36522632489073
105.20612934912502
157.41913251798022
120.03244158194259
116.02098843545333
107.63579445720217
132.36504249472645
106.24558763377101
133.66346285167864
95.99174635461559
154.10539926371538
95.54066836837501
113.37027145154502
141.85311719832217
107.96929216983263
127.57879308765038
140.64155012777078
137.11789994038722
117.05187795461056
120.01472045542083
134.49358601059586
118.45493348960728
140.42662097975932
97.80735580425744
126.93105347782627
90.39995726213547
129.3941234952773
130.8645715602744
122.91651512740098
127.76779964162266
128.48605872995503
107.52924225911146
129.4122285449603
140.61567533272242
116.5954819541611
131.91109162235887
134.27328677130012
141.0476776942241
133.78707465465976
136.40551148285337
125.696436870739
108.82332386559708
129.0434095525203
113.51900325648282
135.71273568406454
112.98482157868632
109.3896098387451
157.31340969086583
144.49503761234868
101.39815984190756
128.0077801095043
138.96144006794677
124.11460328088265
143.70694727553177
103.12351639161047
112.08159864552452
128.62560632955362
136.48435947250033
103.96166691692409
122.00939694980116
114.04332986187843
134.9946258104862
138.81224715448164
124.80333059115664
143.77563088466792
131.44945015080123
134.9660454263123
133.7472320932788
111.42314344382955
112.628827685732
127.81899080437795
104.73329691089546
143.13231484483805
134.13459999328418
111.02028873862665
148.78853162454828
146.58923143832723
121.48858191971658
140.53543835613698
120.32545030848085
103.37587000517
137.07154245932443
132.31367068388982
131.8493682884892
110.37030955673599
118.50579959629643
120.55976970853153
165.65837149837992
154.41473299179276
143.16386315922134
113.60741533133613
120.79885262593663
116.50212041023886
113.22021320766522
135.69518617063306
161.98802986758156
126.04262704226556
140.50008899542544
150.12858698863008
143.84527161644388
148.29663881623114
141.23407586034318
121.78015002715642
110.97383432125147
129.9509539974132
145.77144319407182
129.71942519852908
98.46105159232857
115.438065089
150.25247034191025
166.42581450027683
129.13047202888518
130.9920830414801
135.6612603831003
148.0778270923952
143.77876222507845
129.7415372529081
109.7445472472522
103.35001783931928
112.10049910650669
138.2533599747489
141.35689175047185
108.46653264575635
129.64858585264412
155.60219107098516
95.06236201644224
125.14971470600871
137.0724407844614
123.12420529997125
135.28062526190544
98.36584127958186
145.17117973805793
151.23456657177735
116.46969927927901
110.09824429535801
116.44610106901065
108.94712917689097
124.35235397188468
130.65597924783953
127.91057813080585
106.55031575432538
132.28600549891422
125.4779544848814
104.4452931357429
133.75148869464184
155.26717709942858
116.80901825832443
132.85287658295903
120.73405072411693
146.6603692649722
129.54972477083757
144.08181216896529
126.71678000655255
132.9943076368988
140.55066840185083
118.45453713007124
113.59444781562144
128.32726072675732
135.29249021792558
133.73869008501504
128.9989241280748
135.59229164553986
124.5788597676037
173.20320208096078
138.5976505463715
144.47956461720062
94.82599328392831
122.93233279091024
109.20759478672629
138.76541044374696
141.19179028181784
132.75980672791613
144.61683122264628
149.93846358267442
135.56971978564545
125.7479032241372
143.34120022993403
143.7079141261737
102.4056522289872
110.86263844849888
141.95270868310834
115.78525611291838
153.89516707036734
149.94579587018814
149.22040695134658
122.94693135416452
158.56724580972093
124.4905843022138
131.11715788638406
127.78172175153216
136.6836936012981
140.94117125942648
99.47382770264512
120.82804077934729
150.76719535336807
125.43429875276067
139.18341572640554
129.78936681845454
117.26426928736569
94.13982354976588
154.79402528658747
112.00725672542679
144.4328858378628
161.06095979301227
129.1138877474932
122.09025668479892
145.81669858637622
160.73499559261415
107.55648737206707
128.98851124949104
147.64838088376987
121.9108210553785
131.8079681865374
141.10233404803276
137.9977894304154
150.70950371252184
146.01778433566622
126.68974652235592
109.25040666122764
131.63987353235657
146.7140215022568
105.626728878876
122.32030900921868
126.40458655248813
146.48745870369277
124.90450920016042
110.48179866387888
141.34241048083658
138.83478878617015
129.64435697203012
149.4227534594233
114.42580669690801
146.00482183956578
140.65732907888687
133.61913617611387
118.29171524137449
146.8982426962951
150.40556699719565
146.7064550890053
129.2854055644649
146.10506068001493
146.04647599977517
147.31447213124758
161.84299441299046
115.54721857419673
143.535901394995
117.2045266045751
146.08281113222907
173.04513012908956
152.2677576506532
135.1244539884125
127.16708977015459
122.67939049583019
155.92441233031718
148.27995947557733
130.8096639845638
152.33125523447404
138.12823013894928
127.0299886877593
126.43608447324172
120.01412327105363
123.06874491744807
150.5132098586632
147.72093432264404
142.6467450183432
147.39399013634588
133.09973953386992
148.2169484781435
152.6390826459882
165.7234069831645
153.66192118878215
131.86857294964764
166.6632141745097
145.91353681767265
132.40694409382078
134.71765866218425
138.68548719194058
147.7728302631542
157.74170510974056
115.99804271062156
152.65108128445635
117.91188865641568
147.44380787568718
117.23865891591751
131.82085181424867
135.18117325353123
126.55176356434714
142.99034290707252
126.92359121790479
140.20831200177355
165.97313897336508
172.01171285253054
130.23855075636868
121.48036341963437
123.32125844138946
143.4012775377756
165.20329231153084
122.97152919038616
125.25640824689728
144.96968597495186
145.94000872322107
124.39808398471368
120.78492648331958
113.20044760962895
144.79987752836755
165.48655288733335
144.038456605926
146.97874275121498
161.13059517301465
131.32309251475556
133.83509834487512
110.06009595871372
146.9142869153408
131.60556033347177
133.1096490277245
126.36883134006041
140.66602338175682
131.13149432768535
121.36101031401138
131.92485109430342
116.92949716984272
128.7367738867187
151.3928024173296
111.96858172596183
131.97490589402494
140.4308039018362
129.68326595981506
126.71387305041587
121.21341064673703
160.95675326326256
143.39665699612928
137.2024815568992
147.89127747744425
145.9965289259079
155.79349411167527
141.27186606846502
152.01896798074867
124.92080353444969
124.56416895495069
145.22840339610093
150.39216575304027
128.16202123076323
155.85638754480274
144.2679700121057
135.25602075906428
148.17364153375348
123.63164262983125
132.20826685918115
146.78311791157628
157.62098642916328
149.44982301356205
132.49315230133715
139.27156389316323
136.95292396830328
165.15470973513538
138.65285280658222
155.97132418473984
121.91136096293117
145.01165380694493
139.49961836302444
150.7343164053285
151.37814396491927
128.30770472074374
120.89180619267222
134.58801463890367
129.86576867420348
121.28461074769277
136.3298001726978
133.30024408706169
114.52861282359936
139.8162064432326
100.16156814283039
130.38581756613743
121.92626835767265
128.39477880656574
130.01793205224277
151.16437795607013
117.41110150080299
118.57405031455451
137.6398133683232
154.19165960786995
145.59297932554716
149.83562873672392
127.75553998482265
94.947479332381
170.53389745650577
121.40754154765015
151.16670349312878
151.11146859428484
118.43080354194922
144.69183217572004
160.25236213508862
137.94063257761422
164.20207026119715
182.27572782135948
113.99792988009641
124.58776034077768
140.52626069360034
152.9051043400039
161.76597124171101
125.58560094714916
131.64387149500985
136.07280065713027
151.8528007112437
140.72407314168734
123.04288177873315
147.7416923511868
138.1329300693398
108.13939748710644
159.64717785946402
122.19092636329492
121.56118526222501
124.17671667137651
150.83689870604718
133.2611543024263
133.7100237504613
136.8375664002312
129.84008613766034
135.0301017739643
153.93358627972552
149.5959138144307
131.02418049729133
119.26753512995349
145.82168795491634
150.1722892318676
153.31387849802428
135.48254614508426
142.8983918452918
85.1740943991194
144.36076279878895
143.80977123097207
133.35383870071192
133.49693508122783
126.71561311903305
130.9270825395217
154.57590898310295
148.54197603980444
170.28667504841601
133.4258149856756
135.86658502112058
146.20638154873305
134.34598652443117
171.01083604217666
152.4744284287426
156.10505678670808
137.71896817292912
130.75526622666308
140.68651064016572
131.485938584662
114.87981194493851
165.7822969746789
118.91227865871186
131.37622682771786
146.9142275314847
152.38147823873985
113.99122180154755
138.63477378455215
168.01374912311545
154.94552888657125
167.21240556893838
146.927192401543
147.1890648033507
161.47996500539145
153.10619348408764
153.75343959631613
141.5856968773216
160.18573816176468
161.87626236256042
131.37885045980408
140.1620102110989
126.44693626318296
140.99776108781606
147.97950385885056
150.15250620166606
135.899479321645
140.09602725824047
157.3986516814814
153.43473031453584
128.7577208952053
131.8426017918892
153.08533353799916
143.95193339667495
151.44540535503776
137.33531641418443
157.12614493975255
181.6607853930352
161.26598595806135
127.60372929781867
139.0141840715383
139.14685895806403
145.10755759242582
151.41446277982865
130.48030948213395
139.36191038024066
146.57498528717534
147.8459946066753
121.46115327500388
157.3808597815265
148.46440229963497
152.5666156023595
126.54128378159317
143.10782386215942
144.03739213460688
149.44850689021843
175.2876427110442
155.65792279785938
148.2056359558055
132.61847806175544
146.82327775355014
157.055039110933
138.14634204612437
153.13681571937767
151.29003697582212
133.62999644088913
158.40640981333905
146.00033924322534
151.84153055301215
145.6043560070578
125.93053964247954
134.2057586603599
120.44775797936065
121.35595349343149
134.02738785044025
144.7430725201818
136.4972915990318
151.3211136412542
138.80264193112126
165.51506408619306
164.28107910756617
150.6634705626891
157.7813963248847
169.51711163861822
144.67362246455747
178.93618036802764
127.97976746028053
144.3397035783869
158.69817596365348
142.8875778888641
149.36203343997082
128.22471291769938
142.45483644271962
173.79395584117412
126.03731725542396
168.4300059598942
149.215870601725
143.9056418954846
131.06367017289534
140.39178675293553
163.05164220430774
137.85283161670097
139.02295300598888
149.0843499868792
136.42349207925255
138.03525987881932
158.88499609909238
140.00211367857224
143.9976081541585
164.71603711470624
137.40472004054453
153.48589898934824
152.97674933702467
154.47542621843226
130.65800883646313
128.9789687200212
163.73445907144003
137.24422177949728
126.54198962464729
147.77601361670358
139.67729798026085
133.91248353515527
165.0293593372515
160.67067857559678
162.04589683127855
152.74901340036448
116.55075794541504
138.3858034622073
165.3762333625882
147.14567064521026
141.42915069137084
145.24718928590448
151.26498979099512
162.77514016791392
151.32081171744568
133.2314140517682
158.35686261808328
163.1732503378092
172.4771011157629
154.3717813975978
157.77446590106334
162.26917101732886
144.26813777622843
129.96893473723506
126.72016307981595
150.59040596817897
125.53271027335768
138.83465262793916
160.04613690461284
162.233296323666
136.86903724611372
115.92852358145261
133.9233972050328
170.44983134855164
128.8970338290272
130.62035867116168
140.28613553106933
157.07146790007155
149.76718994379078
144.06814119888563
155.43679497802128
171.38332626516404
165.16649842033706
145.8090086264982
141.60399391570516
123.57252952174846
145.52467978717274
137.55916869643832
147.1104589580126
166.0980884329639
143.82943760403168
142.52601894233456
129.0308528147474
167.75968161921512
148.0599709081148
133.27013582718865
148.22082723474514
171.7545185037369
171.08254266396918
132.45840217721653
151.9753545855857
148.65749761635476
154.9215069055007
127.56489393649589
154.45810590497192
148.41038762819016
121.53362034840808
108.84126537505698
136.5958014282797
169.32687410153395
139.39093312873013
133.04284695642357
139.3808058280632
152.08556025509773
137.36946743894538
153.56964322977072
133.72225022553528
137.0127191752535
151.05445944764745
154.31081214447244
143.32963785161326
148.6239290926476
146.24828446924326
145.60734032840946
154.19271726539415
117.06130254600481
155.76840714009853
123.36096243066034
120.52424067627548
121.14034451287118
150.62613028805453
171.94635307662597
142.3787435860241
164.53829113455208
137.26231836404423
143.92230334121356
143.0795154456485
134.3219277620156
129.47637834400632
125.60551264897511
142.1739243643178
121.84181633780113
141.21008304169126
140.69582557376359
145.76153891026186
130.00962776189286
151.2322657505785
163.80463450431992
132.83583992095478
147.28567729897432
174.0974201255674
145.2607009664468
156.15641316795364
144.0767804808087
130.0377301312214
132.27678932551544
169.41956546332236
137.35439011906732
153.6740731575587
177.34425685857735
116.97796808594752
143.13932945042254
147.71510780371383
131.55490211079018
150.38654508716795
150.7306838103742
157.37523677398255
156.09545561871758
130.83743787504488
153.29599857081132
146.53509634290018
137.68223790756056
143.62811919043293
127.79595434064622
154.85841413924308
145.99265383045298
138.92313220937763
130.2093278662378
152.4875781005203
133.1361206911917
156.016501813677
107.47103410541317
133.57646096266228
141.1932027509754
136.45572859735418
138.95447875690417
155.7363613891842
153.23741735389254
133.26582034574662
145.47559055348037
161.53430814945634
135.43279218444508
155.93336480695237
159.91493794266898
151.64117120974655
184.39173747187388
143.6621980733861
118.91075932703991
150.62648514398418
149.0327632901267
159.98660567999977
118.08513876792978
147.5794888160658
152.2308673973303
166.55157887623614
149.2899334307958
145.0855086013706
123.61785341973803
157.46280834271232
167.45229159059653
155.9695682755407
177.29463573679027
157.5689582275245
150.5004036628191
130.0280462344806
146.9211293781824
111.35633990475037
132.40266191620023
159.52034195794275
145.7622610894894
127.85242691601866
152.73031811655042
141.620363787098
149.3819699042128
139.7755939316878
179.99060454262653
135.80058676884533
143.97101814987616
146.50909697887218
130.89426061837332
155.03235113331408
120.34499210140305
113.68068552449814
156.74654879529507
152.10517267011622
110.38622519281324
155.2807068831702
151.96243493469967
145.55813909515254
134.7768889746951
150.27021950440263
142.97865512330256
142.2883763413406
147.96465539654045
157.97293911170647
137.08267398008323
143.90991181073255
154.27888671778348
139.1816923742464
163.66554260407975
170.33225481468207
169.04436987789154
144.76911341164936
145.0739807683086
132.4115822063705
160.79821285606852
160.64970803163072
147.06099708574737
142.23123426372428
136.8387348347843
169.16080643894148
112.26791412611774
157.75824628067735
141.69291310657377
143.29730352675125
157.86270760515245
130.6156924230479
141.5322990562913
144.58041942019756
170.86968831644631
135.60033336671174
123.8906647280345
150.62550415795485
139.24778298918125
157.45385609093034
145.1625561498947
155.55865710183343
122.40435741806836
149.24889578637237
162.63093280366508
146.06525798489375
140.11306097655773
143.02920432650538
144.2937946359636
160.01591991847343
170.87289918296332
137.16548188215253
143.80998983707423
143.6321320507352
146.95567494710562
142.6816195734026
156.28018723335384
147.53498955492566
147.6459546055226
144.1648985862709
111.24772384840607
148.54516388403937
131.9083075406179
147.80835700629922
127.73938597953722
123.38534268564281
132.79835356545863
128.70582178895287
164.25596566779322
145.2704666143412
157.60039912089638
125.58188223088666
129.62291499294668
128.74898486373502
159.90534392307262
142.98429070467043
130.6791875750433
149.15158312544352
166.95194286180646
148.0646424647877
191.30334709056334
125.79739022373593
141.52817976223037
137.48489228517641
153.20498739619586
155.21480325037314
148.82880465201313
156.22762258259974
166.5399214437577
153.6565832472178
133.19951513140583
195.2856736992137
134.3647061230601
169.57019560545558
161.06550478919277
118.9172156175197
140.06383214799052
150.55513475280503
160.72857779617547
154.10323044457638
142.05319447343965
149.74138046304782
141.18735532115772
154.667681287986
116.44162792044173
153.6061570739925
138.6173742543252
126.5857647181343
150.67562506611986
147.56008964358435
128.9650820843711
117.28108473869808
169.3272822408732
146.86159474347818
167.64308280177863
140.98821483482337
175.23432948069916
130.05459936433047
115.754689937805
135.812764700188
111.59854923099437
149.8234896747896
161.44638142021208
128.20405553446017
130.1648612408877
148.51693985511994
172.53867484836582
155.65731911752152
151.46197650963035
120.71959817699839
142.72325258384723
172.1867118811752
147.20332509008745
180.09577139441546
151.3424675776727
159.06525570967233
161.50335866463365
142.46224762064315
158.3002391403666
171.80181170540098
162.57009119221357
140.98242463376044
144.57909620154763
180.9899878329004
176.6229317598719
132.69057544787026
153.57730374232443
169.60243966642327
135.33024406117167
159.06456209915254
130.53341088330268
161.53413844123168
155.1297646987751
156.28851459898402
182.1993619882472
136.36644826502476
163.27606432738634
147.87164411318975
138.11717617950686
147.58087739449377
158.2485396152595
143.54326130913984
157.82044177004173
155.47273562002547
161.01419036600424
131.46810783419863
179.72474510512018
156.89852413961253
159.8250098662427
161.35096919377827
144.89605040434776
170.96165716083553
145.08325275397718
109.73950062886068
136.9426875620736
159.60898782082316
145.1429260081556
159.19501708447146
171.4431566132112
139.69490030550122
169.2251690435505
163.3167314514604
139.30059304288355
152.48404498102482
125.87805095458639
161.94802438693122
145.58468305609267
143.67555093953345
168.74700517718233
169.47399641213127
154.50671026914017
156.83785648046148
141.87262721241223
146.29946098198565
167.67794790687503
167.5549749197231
141.04278053106046
136.2192934163543
150.58101693979913
149.85067439933655
137.1305705152049
127.5922519762568
147.9830095658471
155.46064470445475
139.39033583775011
144.03081755019468
126.29962360424122
155.59633037853922
158.67795116938976
128.6370789902955
152.67298114142577
160.15849671288734
161.29676510479516
162.9868792934753
151.5996155952064
150.80261674716468
141.30406852560625
141.1712179411977
138.09730475356596
164.03226794307804
169.98936087081498
142.47056103574224
147.7981972721632
153.60592677189302
159.00268826434055
162.03651216843585
171.6370712380077
143.5048047314911
157.94571915823641
141.2499112566901
191.72547035073282
152.6828614321348
155.63394844465927
136.26551485009156
185.2295559655509
163.92372552236466
158.65121075222237
159.04917398090797
174.7301026320615
151.04212597638306
126.92475471935299
123.37672382527631
161.00844799961837
117.49932833039335
151.92781239735146
147.07361475045545
152.3788164601829
153.22400633326956
164.24788968253964
136.32868064912952
146.87757731227265
166.37039660909852
158.38443475158843
151.6242635727029
159.25063082371116
146.8745710757346
158.34756575032577
162.9234984386437
177.79463417992383
144.15845494275632
155.93973010576852
146.2442169526585
158.38052682362948
159.6352839209252
146.72144749955802
165.41722598417715
193.70013399034067
148.7125922347289
145.544342167559
131.7587993334218
156.34053478841776
167.1749330849469
149.49022367942231
132.21037966973458
139.34249032966278
137.59997900283582
171.97536541102534
154.02725916092817
144.30104096613607
176.42543396333787
149.86380030084257
149.91997011191893
160.14344568150224
184.45910672447613
144.19251597789997
171.2224241869915
171.2375946923003
150.86944032646636
164.66632144674676
142.1395215389065
156.95945754392105
114.92423705026894
115.07463693155525
154.8693833348977
155.6165745137033
184.32702416272207
147.65970612357887
154.38054106809076
172.409119976616
142.18506301757955
158.69454626651665
161.2089718789842
160.67956910914805
168.73384784413886
176.72857266880771
134.6382922094935
150.7490296301281
150.87139520271396
171.44173133097888
163.8888189535726
164.66975584506696
152.22552364289123
160.9563239459442
142.30171480061054
145.5424408037453
144.3812500295519
163.44161930583968
156.5791807765407
148.34065155526915
166.7967233798902
171.18735257262276
161.60191924110666
174.3552519636984
162.54339112086654
168.5066668093496
188.36926610336462
146.64763787785878
166.83853988448985
180.34839679619168
186.5873933817312
135.19354812948697
186.18594442587766
147.196053795509
156.08110978052608
153.71281342334092
183.6455353747
149.15326997787037
159.22200335773047
149.09560977506717
195.86093890551234
170.813613097597
166.31822947609032
160.07317063582323
169.94822584816248
168.82058299791527
149.2392717464289
151.80889879647373
170.652299512746
165.37969066002427
152.07539419912956
166.39059473673754
154.18896111709122
181.76061076890824
170.20497193681058
167.89944978117836
164.51054895914382
132.48985314482334
166.85294410088562
171.27677537227763
166.87507474119693
146.50060095044472
158.43260530274446
168.53291765177275
151.21094321370578
155.2705912592522
192.14001136271784
181.1919504043371
141.4074852498274
174.4586506869489
161.43735266969858
179.22380565651346
167.64387295990184
162.49032840275257
151.774086392492
177.47915494504235
135.21235916794677
153.71238239633965
180.60697572443388
130.67187971795974
161.87903908912543
147.58616286751013
179.35266414744788
173.47761229647034
163.98556764859532
165.68146691492234
160.0740191428035
147.83800553000543
168.85461287454046
146.4900859298889
151.5641063786269
147.2576428807747
165.41249006592213
166.38467577749353
189.82850028821233
152.11110594427802
167.49574278763828
153.28847424319076
192.76375208503768
177.09028905529587
157.59454558276548
175.30689142243645
172.4268766814263
158.51158427055216
177.78910970946293
164.75210802786984
164.43273541070306
151.58652613264167
167.96365706191537
163.80224881195159
147.81646392118756
196.76913648509964
117.63249026415359
188.80198247159956
153.89115373881842
151.7322688180185
183.52108434008804
151.79750576020706
161.7154492924523
158.20674388926716
141.65949522081746
154.24357647159118
140.32658347354706
183.28759522487195
150.95647065158977
134.39927031176717
169.27361885346934
151.84303983420688
172.16351569447156
163.07265375595912
141.64005523186563
163.56307015384797
169.00070984822787
161.0859237636041
186.88956626884942
160.9672533538318
173.81758272086904
149.6584968366756
164.28534061952294
162.062315280654
193.49629271618946
185.2074828420271
186.89954231753995
163.10004551568898
162.47681628993442
153.45076427216912
162.01426373630636
166.83983691966498
188.88526942996205
152.9728909045923
170.8930404923118
151.32137880855848
166.57883418925564
175.23097239450502
190.74649699698475
148.5842782171962
167.96206789480374
159.6808465867919
178.1573161593467
188.3311430763627
189.39577441339983
168.35002082229585
188.97160092439975
179.12416974540625
152.12610449849626
149.4020193294618
175.9929373958345
176.32533332901363
150.74875440899785
167.42251748595768
174.09823917360268
163.02208614523505
188.38474065579763
178.18971255720535
144.97279169643093
177.74849036775095
192.59502494228298
171.42622537689527
178.52008194590064
186.66067772468568
158.90615619129935
154.06819536768228
167.96856070302647
146.02260097066068
193.42053955449646
185.71441525498278
175.80810775684998
188.23045509457364
180.20357914747157
184.9912822010978
147.03650797295384
197.07854333043346
178.01265351781544
162.65345074302553
137.46306695571232
152.96735901962822
200.46128135356008
177.83896402439044
171.67455825170092
153.9314112369223
159.83319279836147
166.1356689242218
176.16778427628296
159.92148441322036
187.8993004400479
158.83286878801275
143.2407377708925
178.7230115200054
177.14658993762012
165.19930210272696
158.71686239193187
171.14613305774424
176.12220638887436
158.6691053047422
177.12036704558113
174.20283679368532
160.42169647302066
179.68040634927593
195.28408268639592
141.97498555637114
170.64571797769713
168.00575746657984
192.1677959273322
167.87131052735575
164.39774585444812
163.034177885959
187.5206695645122
180.62187641800523
176.01869583847963
172.8032641684646
182.547052621659
151.31538535631395
197.86150474426788
148.49309285156042
203.51508954350052
179.0431622952305
195.79468801904073
175.3603772642781
179.99720094177036
191.86089043108944
158.10256155530436
154.30311059732168
187.98342245201468
162.87658830235407
186.4413929380412
178.865172581701
172.25199772584028
174.23343601292044
184.03927135710794
178.47410156110703
179.0476316694786
182.81789150866194
165.48579482456276
183.36381736806726
171.9675867338686
167.47125016911306
159.88334056735792
173.77938712667893
172.02761881345907
186.80040686041198
193.41918824716603
140.51483682201328
202.10182276932164
144.55736498579034
178.8058973637042
171.7202469911818
169.83817174796715
148.64309401075272
174.98008637752991
153.2292688580732
170.6503584669173
164.36323616120998
157.79281579284097
164.97303306197847
159.92499958744858
184.77974045025945
172.0640520726443
173.69304771489624
183.65336470194018
151.17627782380828
162.8934556873507
188.07189445331446
165.05179885853713
199.81709349936497
178.70813577312768
185.49090065864834
175.57071125878514
161.8118437340613
190.44344458501314
167.77797847926013
183.5746759439386
188.41358668167723
158.7244004853873
182.7224374974936
160.8927161398384
183.80164429448664
178.60655704859
170.759855597812
182.35302650213723
191.83711473967122
159.19107824938848
153.68926315429562
199.57651508376213
183.36742242472903
148.8424397474302
162.53815738508382
168.53797840896158
181.21746778728058
150.06582375731935
191.7478614079809
168.40411497635156
165.1685932447717
196.21575794037108
147.73829759143058
167.6969706075314
184.39554738588828
144.12116478230763
180.34112554931363
185.34027360445472
183.53487962918143
176.19760105047817
178.76212696025587
