691843806.9519038
728674856.5581601
785390882.293924
647511829.1392627
652228357.8531519
631455140.592548
868474940.8043262
586878970.5743898
472563705.28528243
475941259.090007
1059934211.0201545
729560091.4982213
1030870615.2607468
686521565.3036559
490206093.1320368
753146414.6550504
535393803.1895146
604203066.909645
668696813.2128086
524117615.8727029
956037722.5686183
1045963919.5911777
917510630.4640746
633842288.4381251
735020582.3328546
1013982383.6760329
1009887506.2503843
716856579.9897243
1067148895.0901872
615529283.189373
572997881.0569468
829226323.9995914
838886822.0673212
862594130.9570622
739301911.9208884
600580494.1828845
825050397.295476
1044889641.4059488
854492791.9813249
828050875.4266254
1057153276.4101484
781025659.1233432
640187329.0686533
930801083.1483759
800822710.4317346
775303810.5322993
645834922.0661153
926946871.4624877
841196281.563027
1019010617.5080433
629831901.0042323
724809716.0083612
705022925.5709356
1007782013.619208
1011445511.121706
1011711248.2709296
1268483745.9092739
589213090.7815704
659714430.9912472
1019306900.0789512
798252749.3322632
778076882.3863996
868756819.6476117
920892870.7135553
1113592045.295668
897596691.5908848
678465496.1199098
753667690.3800418
898007925.8203849
726621682.2236854
664806554.4394448
558440739.1325495
1109748340.116409
1161600000.915583
928760829.1855323
541261490.7802479
1018545258.5980761
936287681.98477
986767048.1050977
713338675.6487945
940202544.0953894
1182940962.3394825
814205992.639539
908682440.0665256
813209069.4236859
920132404.6330584
593512947.6925461
1045638402.3851876
1253145994.969855
763974875.3412118
992145470.6026361
711218718.1015012
870409209.8851044
541749695.4041091
1174822687.1444454
809505561.9336531
1056234705.0653313
597929382.4454129
702710381.0338814
592272144.3002837
879666094.5971215
805421895.360331
526293047.6309984
1205006916.2401397
1069023426.9530016
495225297.4389113
795612623.6782819
743580699.3509597
789014437.9211733
819135281.827235
625803612.0226147
998235568.9129597
748181587.276632
1098905141.6254506
730819778.8987925
1149611663.3606331
766029840.339101
760411563.5899034
1089057579.0697172
992108040.8393574
832606553.340623
738401623.6132091
911257123.7728978
831929348.2224454
571345334.9878528
812367999.8808465
989855550.3263428
811267250.9400625
847568029.1719985
685435223.8774533
510670204.5932084
679819330.2261523
778013727.7972608
783963420.1126641
946171014.435841
670731271.7854946
831699990.842778
745919430.911505
740073403.5801727
1044790235.4328408
843560563.6892531
531542725.63940614
769949765.7659446
941130969.638019
760635833.1628544
1033059768.4504578
748736966.968048
810018526.4173936
825720320.9868939
655367128.5871608
640905110.6066576
611843767.5579001
815960954.7637731
696597958.4759752
888642548.5969359
1212197179.679736
1014246038.3706682
744086137.1892067
799785717.6223084
877596346.5927311
862126081.2439896
916215814.9053798
712139579.2139084
594455444.1660007
702656956.8926845
633329439.1394887
758365759.4176539
906547916.7094374
1087662082.6389933
675244417.5475508
839353821.1449081
835750849.4960103
637931780.4847953
975159559.2843301
865534352.3785985
466250722.09239143
1037380712.4115666
702599960.5230868
581913243.3912048
834060322.8216304
563163182.7609167
1021122371.4914434
953974160.9777316
878517746.5260026
828201767.6718204
756092682.0310683
796293340.7716931
721547031.3633072
831290843.1848389
1048926379.9643337
789121520.8929725
1015543035.2314866
618938685.5399035
991061421.9090463
541332551.1885186
890797296.2816001
812256499.9547472
993048302.1330504
1051661558.1954004
573858079.7894967
883425896.0874403
501195229.14860284
866948928.1211941
715554633.1639171
469506949.9099153
716569777.9672441
732896403.3390056
704848194.8953462
1021460627.2918946
524980141.9358904
687074537.0016359
818440774.4192643
575864985.126356
929187657.2169687
591291653.4119241
804376411.2684454
950860622.1413761
800582065.9337301
631491434.8027494
1185204276.914733
1081129694.9397283
406964673.1282737
991083659.1977293
825120591.163167
794353371.6169366
1167397646.81804
513393346.2897208
789397955.1546131
767158269.1567286
706439974.1983578
1054038899.3537307
760528691.7485411
839062162.1740195
961675084.7787738
803145372.6493433
878606131.8354708
672079675.6162295
933388254.9610012
839478420.3653889
886735412.6702895
1076377225.8546581
809852247.4836802
673476376.777684
625328375.9698739
761365521.6577374
1060599854.4009876
742914651.3861382
1303208652.9742694
1110604194.7741659
1081170471.2882712
931028587.9158103
1276854753.2445815
789083340.4896209
609202726.3431702
1072771163.3601234
1099741045.5505824
1146533057.7447717
986033592.2328558
887220701.7860988
937431763.3288103
1283012346.7246327
1111747041.4020417
1135321784.0644796
880530922.3761518
995173835.3934289
698818404.6055577
1206452401.8646448
974280273.1936154
706485985.6137015
1016441104.7189873
1018560737.9787223
822052221.8755021
963666112.1320666
954405656.42271
1371853023.1477578
1235493213.7696862
1114209642.6096072
1034424681.8229762
733175984.3866831
993698944.7054037
533383410.6420085
996901412.6501873
607425812.7421212
833056301.1688471
1288228474.8481228
960856826.1745802
965120520.8701655
1380898071.4433327
747147433.0661567
856031470.6065167
1010884760.4387733
1096213471.307654
1373555718.999101
1109593557.9401176
993559236.3084391
1170880853.7225733
836306920.9666947
1225751252.9924655
764810737.6671168
1234284133.6595726
718047399.9197439
1100145311.1779542
765361587.522267
784664224.072595
456532378.6560964
811659388.7528994
937027186.9840257
836870534.150302
686416890.7083362
1155897266.5217035
899741195.1314043
1050682337.7341518
1068695708.7295859
1015205912.016074
870511113.1077106
900148844.8962128
1188238056.4577198
599057161.8127804
735629550.6668806
749214214.6070127
1143816609.0132895
1143336603.3631604
1103092532.2350676
1105632523.9775124
593045723.1748111
1159364840.7407637
693779963.0501777
649559792.8439049
1212574262.7321186
1469962978.5830183
1228915431.8331509
1434059395.9342153
1408278790.4044523
1524488730.0847466
1365809844.3423111
1223421740.3479464
1529572849.9508026
1136925118.8208132
1333736865.3938608
1492284343.1084557
990868426.5322115
1188448552.388015
1324228051.2967913
1520365761.3450334
1591102483.8913841
1546441856.4395573
1308387676.3027864
1518795359.0575314
1473145632.2593126
1276320930.3617208
1539625272.3015206
1574783980.5019543
1504713990.5654433
1326290791.5951076
1271478433.2217395
1254755905.8270633
1501343227.3711302
1472936395.6176689
1425310071.4268684
1499606871.2382896
1218086440.9104466
1169874729.0744293
1300814820.2321467
1444305675.0843365
1450245730.579953
1479946346.3920379
1634366739.3832974
1439772507.4574819
1391289876.5673738
1484776047.896693
1100027181.3779013
1403660696.4401038
833400574.2247875
1485613397.386369
1493242470.276934
1553534162.6730742
613291193.4827678
1056749551.3411312
1427061803.9126377
1150447136.0548716
1289546693.0747674
1272143276.773561
1100740489.5666273
1356508477.0521717
990018687.3055384
1195700857.0321226
1550092387.9132411
1528606294.552626
1439019591.3402538
1294396119.0823863
951240475.7862966
1483980301.018165
1075816034.584046
1122599058.6063375
1117427763.582868
1480276157.7557921
1201438761.264727
1353241277.5605903
1574077666.8606696
1559832393.475154
1475287355.6737516
1476274987.1523795
1585498154.4612105
1218274389.1083019
1225637760.0173378
1469654963.2701144
1555322538.2416875
1375223201.2967126
1307293891.6865575
1425755638.2043471
1094240023.58424
1569203284.5006275
1505150210.338406
1280793598.873218
1525132150.0915923
1444010181.5808315
1520731351.6174037
1448333037.9704638
1477884796.6571002
1340726178.127332
1514136384.8653843
1497903503.456683
1265368529.8925495
1488935627.8763082
1380910148.8813472
1433950056.09766
1336242787.7799993
1533071237.2998154
1463074788.6067276
1545230322.4928203
1218743539.4458244
1623610286.6482873
1593663439.1856968
1499268141.8145523
1398343184.0289
1555202339.548799
1419283667.1517987
1491165640.697277
1494259297.3483796
1193255660.8434653
1494860410.8112917
1527991480.0365703
1471673210.1715763
1505460530.3741279
1532715592.5993683
1554746633.3094492
1538925013.9093604
1550651255.8232486
1578046354.5571702
1391973285.623456
1308860127.423701
1527366095.9646354
1479849655.6767223
1660772823.5581396
1522314503.8830087
1510052133.4810023
1460552629.682334
1539590658.905075
1521164753.2010431
1436402355.4789417
1456203090.403394
1459925665.4027317
1457128207.0028477
1499704726.624588
1500369319.1153703
1552994957.3510916
1503036337.550368
1467856014.00682
1380251373.4126341
1659579338.2700982
1571429047.7638173
1454342195.182211
1547318973.1733932
1450061261.9806197
1530637434.6271362
1453857049.7411175
1462461696.4299517
1477553457.5276306
1494888440.0285034
1447197843.0862472
1511336529.7252629
1526377411.1435156
1504238249.3790216
1292034220.2417283
1448462724.2416167
1371119979.834234
947126954.4939709
1283562219.7775013
1038384272.7724589
1417263325.3691182
1516099493.0088072
1601118976.5286148
1491317820.2860703
1463876758.2789135
1566568540.4373875
1503339182.4050636
1341518342.6255746
1348335363.0240746
1090378092.2951589
1049189765.2445084
1492728089.8792014
1497251101.983078
1464804795.8674793
1431916828.8881075
1213989816.251316
1102202425.8385983
1490133986.4674637
1234886521.2440116
1537308886.1288724
1093840801.510932
1522208797.2807608
1577468278.8751953
1564563294.5999537
1508540397.3140507
1548563250.714148
1424984675.8657963
1413865058.2243056
1484689465.9021084
1458228952.824282
1443628733.589682
1345622020.8393462
1398628684.218434
1446746442.546249
1462760623.0407212
1475612095.1310499
1424921158.8789945
1482309893.4797578
1526526839.2708588
1612472880.4837637
1537941255.2070904
1490367640.9684958
1571105548.2735748
1495225022.648831
1603205525.3403473
1362903742.4582596
1421607297.1076953
1541314269.1147728
1443657398.7828574
1474731735.870628
1362566217.309389
1582316621.1263108
1530352145.1620123
1477424175.2486598
1589994912.5852313
1439230452.4684784
1685737307.0658658
1521394918.6234784
1301718092.5898752
1334460804.5557127
1472840527.8809898
1515997533.6941452
1185118007.8906822
1162504937.2124083
1444255388.6524968
1259399389.6126354
1425756325.2784202
1497112511.797144
1496264225.1451504
1463555615.48536
1601455829.112361
1424282050.0073106
1487273676.8168306
1479670665.7168236
1474980477.6662202
1501303381.505977
1537129937.7271683
1541892673.4098377
1444714982.7334528
1507111698.0278049
1608021310.466938
1212589307.7905607
1330293432.1074526
1559377166.1148853
1586372322.8674357
1427445991.3229256
1158082086.986881
1464412966.9937952
1303134391.174822
1543953084.3963535
1439127895.4612632
1591137710.7365873
1560185710.3028882
1372422928.4096649
1337504690.510306
1480619230.950296
1312963505.2853575
1483262523.8969893
1578998551.2489018
1470511510.6543827
1440587312.2430775
1589630934.2969549
1523074408.5003865
1210355445.0382218
1546051105.5510483
1528163797.300695
1583935831.515984
1512033456.0179002
1467627465.1423538
1442291928.9433253
1454709692.4629457
1310631065.2095032
1301637994.0776322
1489361181.0086038
1270054882.811166
1440062641.5010812
1514451856.3499506
1514845431.4216275
1501752479.0488098
1427737954.7548103
1506727173.197471
1321816014.3336465
1070689030.649028
1449609553.0897582
1531848177.9640517
1546499711.223107
1357994608.5689652
1470372763.1210053
1512591518.2016256
1461207255.4074004
1656157483.535793
1496005390.9229083
1481015386.0610552
1449524240.3585055
1440868524.8168151
1563979498.466056
1554731894.6831934
1448696649.461204
1505222346.507432
1462879233.039235
1163298256.4814422
1364885583.957304
1396782827.1877573
1241073161.3573334
1456907281.0606537
1443944201.0818956
1543026580.3701994
1450211470.7054613
1475195860.153963
1490239708.4959202
1465729602.2096727
1429703713.9379618
1506732682.2345724
1501642092.1816115
1511158140.260189
1518292820.063829
1502449316.4187105
1501771740.7354078
1338120503.6392057
1575711097.991401
1384176887.7095082
1517703624.8713367
1406844963.298702
1310217294.2133656
1369418070.5213804
1672812049.710531
1469672398.978169
1502996871.0625823
1248400418.7812436
1554067865.6598656
1444479433.3046155
1482694481.3635032
1507365075.8624973
1102831510.8257892
1505642375.9491854
1516878865.260696
1562940379.8537343
1488168741.275551
1527047914.8066466
1488748742.9038017
1499005154.0736408
1587678030.0497987
1203540715.3104544
1603359971.3522995
1531360336.6684027
1508786284.7468
1644520482.8022182
1423925356.3051825
1352814499.3964322
1250068814.5370219
1477533294.3415709
1290595854.2930942
1383865731.823895
1459766893.9824321
1498059729.9040608
1433578727.639249
1487424071.430306
1506652558.455543
1518280507.1955419
1442995615.3842678
1089633485.7471998
967857037.7487949
1457984630.3263853
1305432636.7145255
1550117380.7152765
1556154744.400736
1352171107.8893237
1447280823.462319
1129496716.2934506
1557916859.619469
1391990420.1593153
1567248710.2811618
1523569153.3889806
1482443876.9092286
1536835625.0162559
1510259800.3401158
1573878227.0254116
1527230693.4308696
1572206752.3962803
1297181499.815937
1542245762.1274323
1463794008.5262694
1472053833.2892473
1523083980.5710738
1626211992.6450794
1287655898.4932866
1542709153.9455068
1410873914.7410128
1417623173.2069297
1456852386.232738
1392190648.3369887
1503682181.5622144
1479928448.841172
1485858352.75846
1655222565.5391004
1549063078.469658
1426573275.269145
1530350577.393704
1382822422.1487656
1443295679.279049
1476942775.0593445
1575320907.0219314
1325355086.5291948
1511314507.75198
1477150157.6390843
1499004743.3320622
1575575617.7853982
1439935615.273756
1556941555.5226345
1295732329.1068857
1583773262.4142203
1459612063.4772208
1534865867.576157
1436214690.9311128
1488851677.7995834
1514440272.2763638
1637532411.2011273
1577247852.8772879
1490875288.5494595
1601743925.2178867
1476840209.8427215
1366157885.9197466
1532527190.2922494
1475215004.754767
1520794127.2110655
1506980022.6645424
1604341140.0543308
1516888437.4659839
1465889068.623434
1464003420.4097264
1464306070.2762616
1462600414.319302
1419300935.6468527
1223308348.566295
1475465692.9998014
1526793479.6879966
1517311475.4230585
1495051828.1349885
1102764571.6457975
1484856373.8332012
1524349549.1124482
1591170325.7960992
1523434317.157792
1446559553.6941142
1491493974.3138752
1527081275.1275125
1470786957.0529559
1580858792.0894039
1427215716.696748
1494757539.4051745
1454196491.6479237
1486058395.9363317
1573994557.642311
1577720116.3452077
1460155308.0395985
1567392872.230714
1529579011.1613088
1536391051.9422328
1536217593.6321955
1504971602.4862037
1531587997.696484
1506832828.9793358
1422237346.7004676
1532560800.2393107
1545295928.2777169
1564990201.060607
1474003993.2295291
1483327756.8030853
1491319389.9089446
1511528547.0691328
1518903407.920451
1442097186.6351929
1453018990.7758768
1515954856.5691707
1575927932.535852
1507766294.3851178
1579531812.5172567
1520445200.4317594
1520127324.0900595
1490345818.8269367
1397389851.3831701
1445563410.7486866
1455757515.3841493
1529854636.0018158
1455915770.7605405
1486104461.4932566
1447846294.5659928
1295834120.3350554
1601515754.405013
1465968615.48372
1533421022.478243
1666977471.8816543
1586294281.875103
1544718256.6295803
1695137796.368307
1392703323.5059314
1560291456.8973186
1458367918.039412
1548822103.7481153
1557199410.8434086
1459772640.0718951
1422731377.567932
1470401820.5759423
1512765142.2550378
1534955450.150835
1496902560.863368
1475704619.2613726
1498291268.863848
1448000223.3611329
1459448827.8522615
1581802809.124532
1495924639.7851007
1435991567.310695
1490375354.0895998
1517925488.3838003
1485622972.6945395
1514564283.7056613
1401881665.6147134
1628053903.5099392
1443673414.1979573
1505112166.8038442
1602996448.8704994
1501844730.2926967
1467269465.1886353
1507562089.2664616
1495115506.0032258
1473183554.0241463
1401683429.9152389
1533933116.9187517
1471679406.1322699
1533724944.7859492
1501934286.3657007
1489957234.650746
1566375649.3680253
1574033545.5159085
1531111661.9859266
1438160037.7250109
1480580179.028151
1296495637.4969792
1460261843.0788512
1517692156.2902617
1538627105.8961241
1539548946.7767758
1466371342.1887426
1587829900.7917018
1451448353.8469014
1433487077.537753
1501740663.334673
1401641520.495767
1532690168.1861465
1506840456.4838412
1563309442.8807228
1469712630.0520184
1487171506.2831645
1566183386.4563148
1498498041.8872716
1463819144.4060118
1508994651.158334
1447263150.1870458
1491516573.4992259
1438389251.2920394
1497314141.5109208
1444984773.1492047
1263625941.248392
1533540681.9688637
1474518049.8241968
1508120998.6976683
1420091808.4265265
1511584715.7514448
1393944191.6829023
1515522715.0139897
1462055411.7808437
1073096175.8947366
1457585002.282362
1476900649.3623528
1457760095.6856606
1505987574.3768213
1467180830.7605073
1561874067.4305217
1483780017.654059
1550474488.290587
1590342687.816205
1477263284.4799044
1508595727.1894681
1447568677.2746193
1431721325.348203
1500524702.8734355
1496651254.1244645
1481844305.0164819
1568336380.9532318
1537178748.3932292
1424039675.4633594
1458549617.3489597
1559147980.294214
1420776737.428745
1499838598.7176623
1549243332.1780083
1585861627.8568792
1418717706.09196
1491265850.7924416
1507787398.3637054
1485606697.4983635
1625500255.6843448
1490883924.0529964
1438206280.652835
1240846864.95634
1491883284.5113993
1446675088.565248
1531994078.9166505
1442519003.0351975
1491450194.9440014
1488020275.9668293
1469952220.5328386
1560315908.6065073
1556744351.9108903
1592322988.2371328
1411648307.8289177
1596266042.699101
1491637024.1725366
1546883984.7032213
1463698157.4988844
1470448059.1005795
1462032959.6573322
1495810548.0796938
1515328397.5122702
1470711714.0054693
1457513754.0416136
1484147796.6650584
1504505849.897882
1489002793.3320107
1414620072.112929
1482841820.832212
1410817306.7130284
1457612758.2317894
1530437588.5361128
1649749156.2387846
1395068954.1783295
1565757863.3124673
1412269355.1002827
1202543647.156893
1507688896.8569627
1485905783.348865
1395064932.3358903
1448847990.021924
1565171210.9122393
1494088301.5094795
1423784863.0806015
1494869378.0917919
1502476181.5267613
1155861274.3429527
1430603064.432127
1245828861.4536095
1521045609.3705428
1440290611.629025
1480956150.8906193
1616629624.0001466
1485962850.3738391
1467763436.7433143
1261507093.9327147
1522479658.7975214
1148783106.3071737
1430291628.5851374
1513328682.2767034
1572872856.2553608
1429428193.0908947
1421674684.587713
1469896916.2610774
1495944934.3181784
1599222897.1735551
1477350966.0123584
1278796205.3665216
1642115057.1471643
1478485577.7182174
1470105729.3704927
1473036872.6366172
1511190382.051545
1480144379.4946136
1510902692.963529
1419952397.8234072
1290916820.6775692
1557774728.2575579
1304355980.8554173
1510355115.0733378
1322509246.782736
1600417557.9691792
1415765908.19895
1259714140.852548
1414750538.9072788
1525539116.744691
1467320789.3948112
1545799077.0629036
1211536444.7445827
1260880431.7783473
1439817666.2230525
1521583922.6588953
1449210162.9429443
1505149751.166397
1416947824.7974508
1477755146.232806
1594881762.6739295
1178318830.270467
999847555.2375892
1369770072.9792628
1528521715.3038323
1540228505.8954437
1500977588.813117
1347383495.4209194
1561443197.6850538
1489632850.3997698
1490348745.7626095
1518966704.058653
1377810901.2162771
1606736425.3396466
1474386085.450942
1496795434.06589
1446457833.2335846
1535299776.0923395
1529077322.9926052
1358750188.5119157
1571009340.1747913
1639835517.6560438
1610395232.8254142
1467157199.3092604
1279670228.5879169
1381590452.5801687
1483032662.683904
1583708500.7706301
1456877078.8317485
1466121980.6973937
1127304570.306992
1518114991.2982917
1528890277.6861057
1234524457.807269
1446930956.861062
1405616109.6742702
1435287299.7497034
1561658576.3053348
1632846655.8370423
1557420422.080367
1438518298.125185
1450639147.9441612
1522207171.9896355
1404384513.6412957
1435076254.1212127
1266648310.1126957
1463502057.1186411
1459936300.6797912
1470525888.7472682
1215909226.3576589
1503928856.6183975
1529016835.0296032
1438391684.3462236
1411072053.228441
1535363279.5871534
1500437934.0905616
1496903140.3310218
1493583315.1441882
1451643074.8672135
1524775503.7974772
1384445287.1973753
1507019646.7537942
1406304439.566721
1522936172.428167
1546377495.3751225
1458740460.768781
1338949892.5094318
1353271940.8121567
1411595668.1816359
1413757937.0347996
1386869963.332591
1438048756.9132988
1505907810.537346
1536079737.912878
1456401316.615435
1504067647.8349648
1475137081.1441078
1486940065.189957
1369991972.2700078
1404949091.3279462
1452830483.5528438
1464987384.748928
1402310250.9848971
1451975788.6582491
1479448710.8740644
1473586085.6891112
1485385830.9721828
1449719549.9296005
1544759177.9759305
1422066318.01576
1356119445.446828
1511458542.0877316
1432692743.6311533
1463921236.3602211
1577577654.9616773
1600225836.118872
1460265789.931312
1474966682.8769808
1459657610.7651916
1483885529.7178383
1470927330.0543003
1582956205.3304117
1075378597.1826813
1300473824.0948448
1438552649.3525069
1308293442.2702956
1420245010.752887
1442684528.7914937
1501631431.9691854
1442504383.5551977
1219566213.824913
1484481925.5925212
1510665167.8323672
1473256447.4962816
1469581317.7432203
1462322283.0955603
1358563265.7401135
1457464424.8965745
1516594126.8137803
1515976554.2276008
1539671007.539198
1554715281.2373874
1472670833.6257303
1457865354.8063915
1509152073.7510803
1326836883.392809
1490152633.0928547
1526092812.697212
1432966300.657433
1516809953.2086792
1417639621.6499312
1642966723.3293304
1551813865.1821039
1391262356.855517
1466899545.4556525
1509622469.968523
1266438114.4929442
1557629999.011507
1401123218.8733368
1459038410.1883075
1573177954.4649215
1461317216.6511352
1531824929.083881
1534373434.5533419
1451597201.625311
1430081425.668015
1403668767.6608126
1555743181.578813
1602701027.7009864
1560185342.4188323
1568507968.367972
1345392379.7487314
1465881540.2271624
1623455751.046022
1562542308.305202
1268807859.6660032
1469451913.2477822
1458641207.1087866
1224804564.7902339
1464626315.7288933
1639588033.4446688
1425311965.5217113
1407564346.1691694
1455022164.5143466
1476028702.9615011
1454812909.002358
1469317946.7401621
1513577433.1904922
1511683875.2044432
1510865513.2036138
1474753923.6747239
1525457628.1295056
1341365778.433462
1472065288.4413211
1516237212.156742
1428898859.8725128
1502754095.4671803
1444697232.0180511
1425606638.0354836
1550020174.1304634
1276683062.435816
1513151075.1876976
1530864948.2285483
1446513214.583542
1596741452.433473
1623502650.9075596
1466148820.9121823
1441539612.0035257
1429653447.7897375
1360018013.27012
1476395416.5891657
1558079677.5174289
1310784256.529559
1506550171.241603
1493343144.0033562
1510660981.3482876
1502424244.7331045
1492812030.4666407
1104970777.2782464
1549137835.9833534
1455560016.2592452
1472190105.802396
1437944678.7981598
1456749210.039451
1568030300.4217012
1435914930.404745
1277981130.6943858
1461246714.8401692
1433665035.528458
1572393128.3885412
1552477345.930634
1511982768.3921478
1270585880.5831387
1619963121.2801933
1463666050.3008971
1391255446.37242
1512371630.4656258
1440282580.6916947
1445678956.191551
1423338243.0802302
1465117648.7370133
1547867904.2602942
1484758081.7366755
1519070122.8175464
1485725630.008147
1463947546.261685
1580541557.6172915
1479645236.4900436
1510531248.2115667
1549138505.6756094
1502871568.296993
1469868287.1003861
1452780623.060107
1386850181.0096786
1539897040.644878
1509784836.530059
1600437929.176552
1423592949.1088576
1423437052.9775126
1450259359.3395832
1543748942.4217198
1477217696.49048
1521958049.5990155
1408736764.0449352
1472764648.5170043
1517871483.4292653
1530263238.0824218
1541771109.1020577
1264281901.2494621
1567380194.9324696
1506915634.619601
1473922152.0070558
1518039434.0738723
1529876301.0275195
1418916218.94119
1423978198.8610616
1468831566.0467653
1448248510.0079231
1526184239.5472336
1449881090.0962844
1530538431.3515177
1494039302.828539
1594226241.5702312
1399285348.172056
1529293455.211719
1531570402.8813493
1442970384.0417144
1489348820.1110368
1426543664.390924
1556175571.2277985
1462897866.5196006
1471213069.1673918
1475715978.6650205
1442991847.851517
1530816468.3703368
1430769193.028671
1518076138.872604
1517051142.3500772
1459191127.277549
1478333080.7514122
1612994190.8997827
1417848288.185519
1517488881.5041974
1398101259.8999748
1494086211.9067743
1511611330.9045813
1394931561.396915
1449911770.5251198
1426657327.0076292
1545852284.9070249
1519571208.3433685
1504074441.6571276
1486183420.905069
1414917277.6391282
1591644112.7126753
1534105321.114842
1283599872.53658
1501713291.0801947
1494027242.725775
1566849110.522121
1500413370.886029
1598769818.8434093
1555811895.1529408
1477442855.9437387
1531986723.7908885
1294184355.5904706
1317653856.2847886
1482365755.712775
1462601406.5064564
1534915917.3923054
1526689702.8657527
1537620400.6617527
1429707176.4597874
1537056068.5635164
1331792384.1870341
1335112107.2015157
1484170519.0962913
1579569943.5613184
1443519339.2612426
1512660721.1724567
1494172741.0919032
1504173540.295944
1435722336.270063
1534867364.3216767
1515081648.7185225
1451699389.224879
1541320171.813422
1456016813.731304
1476101422.8900714
1450096331.6463075
1516594343.9082487
1464476304.0889387
1370748275.6364005
1457651314.383853
1603575253.06724
1361894576.2445905
1480988456.5659418
1460751138.6693654
1537125287.619913
1445423788.775038
1520144373.3797147
1513618509.9890783
1467937748.224908
1520201927.7052438
1572654808.2763274
1442041998.005945
1459870009.648101
1514802863.6306574
1523371021.5008593
1468862788.3802977
1479812439.230274
1449447411.2560422
1621245892.46144
1482321546.8429966
1516535780.0474095
1533967326.7594972
1483755169.1625369
1489373466.256934
1327058858.940899
1537197613.2631612
1443745463.78328
1542119936.8460257
1426227244.7875853
1566324312.9391887
1464126988.444415
1475411087.3203404
1507342959.5375748
1490319949.6652336
1535905567.8310356
1545554692.2949681
1511380995.41146
1499392850.835414
1543596480.8912172
1560983661.8739789
1532980678.8701072
1523797788.2700346
1415858821.4631162
1570947532.0901449
1442845701.3681734
1411046610.230753
1533011343.1956065
1426428968.121829
1497284573.3101187
1534633900.937714
1536065617.3654835
1525325342.0551815
1568974158.3923128
1464697647.7229912
1505894435.3553615
1487019890.176238
1584457984.5547457
1523421546.7970037
1463460674.6016119
1477362730.8681571
1496941767.4122481
1596288897.1618705
1505111558.832278
1545360862.8885753
1504476559.1007073
1557553908.748972
1429652119.382373
1525191561.924705
1538142415.2865252
1435275489.7452283
1515181416.7888339
1559076974.2171063
1438144231.4817216
1398419478.301762
1464096648.687258
1547704908.213951
1389100035.9227505
1490526855.0242615
1454759736.4828565
1492278197.9806316
1595583333.4060223
1490546928.368021
1513197990.9371111
1481025616.6755707
1550325854.3435407
1465311772.4110155
1520964600.7838159
1532273000.947481
1535262165.6107185
1515568454.2005653
1439938398.8648417
1614343709.3117025
1580031214.4298873
1542046814.6732035
1519780009.3913949
1513212451.341896
1504627622.503865
1483122209.6336808
1581986364.113123
1540263021.749431
1455107002.596485
1528502560.4717865
1520082957.623888
1539047195.4103231
1576152737.3293428
1435512824.7887425
1416390796.8325112
1539761186.1897547
1560389604.5693817
1487884795.2710266
1468472263.8469527
1473542916.882606
1409067487.809324
1494526774.8699198
1451724012.439053
1490582827.9305654
1497497211.3405836
1542743409.9122083
1495986228.7410595
1445266869.058542
1500865418.3159301
1512313202.001917
1450284064.5136495
1559612293.1579642
1491653020.113643
1554304196.8232996
1458802444.3700294
1505366105.615325
1432759340.4848647
1424365676.2140014
1507199337.697837
1555720581.8827205
1464374223.536224
1503271347.4573681
1594665667.696547
1543420606.870664
1397839154.8832567
1438225306.828378
1489312272.8825722
1454457102.0272305
1414200575.98977
1573438894.8277752
1486265707.6331773
1417325603.898937
1438024222.4615588
1437476031.8946075
1468264704.147305
1502627196.9586222
1543584938.3327923
1484181042.5181806
1571509470.79885
1453681299.6726725
1467450454.2312362
1468263336.105974
1465312716.2968779
1446092171.0737584
1539019560.7523324
1589622685.1529515
1440593171.3394732
1484465123.646716
1565132877.931459
1486368244.8745306
1581055800.802779
1550600698.4311385
1488871421.182428
1556138054.411604
1414256507.7353709
1474285905.175439
1541520556.0966406
1507444877.6889644
1521169447.2371633
1506657565.3106441
1439706686.7619224
1460328300.0356374
1466169527.0775142
1402187219.1432378
1572830702.4909108
1594475759.531415
1400209480.5638142
1431399286.8747592
1513966462.3406599
1473043155.5265543
1514592126.1546545
1445827222.6700044
1419509308.9620516
1536865882.9657183
1517135028.0450344
1552431609.4356148
1407620327.0528243
1480535938.9342647
1527360807.3901703
1507466597.5003662
1510829014.9170732
1451516369.741642
1581542468.0029438
1607527299.6670673
1453372310.5937738
1517045602.4893126
1435335445.9602754
1533763712.5830705
1403668854.3117142
1510204420.9545636
1429011229.0200136
1473270776.1327019
1474447480.3990836
1517800785.5857756
1614064076.9482923
1447338086.548441
1544044548.6797898
1501494617.6358492
1531495622.7088532
1457610989.66406
1469631471.6651504
1575739924.161797
1496587363.7540967
1432781215.0092783
1528372078.909051
1485485370.290425
1438974451.87723
1544119571.4719026
1463166634.0012326
1573662074.2778795
1413396659.7037394
1440205087.4602108
1471139613.1784158
1577575084.1670983
1387539650.7588484
1499833798.266886
1578170736.648842
1526999444.6625519
1558317761.4465084
1543432789.3852212
1530081060.8515425
1441292719.9363358
1418678395.6654148
1553154169.7656035
1525878879.2418299
1538114180.4342742
1516118605.5728781
1311302810.875984
1492077755.1026351
1502159770.740727
1600155114.774619
1501773423.305452
1440439218.5750816
1548494662.5983925
1568557492.6133356
1443491983.318026
1616972469.7974007
1551596602.2030385
1480693831.3801274
1429641271.0392005
1470641923.2952757
1485913959.289989
1434550235.9515765
1476555266.3457177
1443456568.1959302
1487535829.196996
1616710355.7208824
1441661040.2924225
1524997500.778088
1454361140.1532993
1530300898.8507993
1561634344.1163285
1536882896.0188522
1469609955.1442313
1484112961.4502788
1482181859.7955256
1534028422.7229378
1485937360.799875
1636261885.1932898
1576270539.4151602
1578261586.528862
1529148620.608096
1455119211.26339
1475287504.5340629
1410399551.5887842
1518561094.1242478
1451662788.4957118
1522018316.6460943
1555956421.330701
1555146600.1730173
1534982138.7496982
1331618961.0709038
1613269467.236491
1556755027.1313097
1494464457.8050587
1456682516.9530938
1516508073.390212
1414184809.8194458
1497582026.199128
1483653423.8825185
1484872267.5561402
1443255184.9095898
1446642969.18736
1490823276.8399444
1459755170.4930723
1413927999.4112613
1469231743.6304348
1483469262.7644362
1515296590.5812874
1467723512.4703128
1519816626.258387
1506679493.4892564
1457994160.329027
1540086636.70474
1474538067.5134962
1589203697.0710995
1557969805.240098
1498128426.0949802
1564255109.2933254
1494880534.1366615
1508875690.835564
1443149273.911361
1525678562.963562
1533674406.8562353
1523648287.3045347
1625333480.524552
1441236888.24703
1500912720.2976058
1459883001.914437
1489340223.7790172
1579336018.9780483
1491231737.242829
1495537757.6060116
1511822407.3112772
1556993057.9873903
1569677088.5747292
1472267147.92574
1571112923.974942
1439104445.9640799
1548449351.6315684
1484144329.4758215
1461080133.9813569
1529558469.0760422
1466914209.5030088
1554227926.7895865
1461630605.4224815
1472546406.0586476
1487954437.9674618
1555037637.2197096
1568153139.074105
1539119324.2640948
1477124680.191273
1497934967.6863465
1453480797.6316504
1434946793.4197989
1474725133.2009683
1544572249.076249
1469847537.8332465
1532291418.5044556
1478894629.0053082
1570717130.3504512
1433703446.7640355
1486303281.2883768
1475621474.7153049
1482145199.5103738
1504244712.4433646
1487356247.9251664
1414971752.2690277
1467701358.7858367
1480819919.2552085
1507430240.4185941
1529918667.0139036
1552609478.918878
1473442130.8581915
1439874274.25457
1514392223.7474961
1473513556.5594964
1540369628.3154314
1482618782.7215579
1481001999.0551856
1385590130.7555995
1391372201.1695561
1423792817.645659
1418706847.3865001
1467189201.5181744
1540694312.7445047
1547353276.9516118
1516846395.108823
1459576513.5653207
1514507063.8840516
1532075140.7387812
1438371777.8268015
1453176404.7743154
1482091375.5413506
1430241503.5136912
1502844791.4421167
1565324891.8499599
1455338667.5777957
1558072751.8711224
1515662254.7784562
1554501501.3715796
1518262475.5688396
1496896863.9224572
1465817356.0824647
1519512039.274654
1533295865.6737113
1580463621.454432
1454163625.2563698
1526314409.928293
1569769923.36022
1528316242.0364046
1566165056.136636
1522339315.8095806
1580221168.851691
1530401846.2212627
1465513718.6918933
1465747827.193653
1585585305.7585301
1512971201.146331
1544998490.896685
1533706530.2552598
1403185434.5022557
1584904146.2681754
1472318882.0130832
1479683734.5467937
1505355716.2036004
1510480812.3486748
1563217303.739068
1468910389.1199572
1436840403.8801131
1527103967.8555315
1463217178.6042411
1463572148.6528094
1627516742.3139791
1525940685.902051
1543163826.6049128
1514968601.4294982
1500696545.19331
1379444659.77301
1535353040.7141993
1502088713.3369052
1624478246.0937455
1561175799.2339656
1488237448.6632783
1566838352.2699232
1568847759.9395692
1520195297.5173507
1494788195.7585466
1585068506.1952908
1556172908.621054
1551436699.8853998
1461034095.387395
1468003898.465761
1472479868.6818967
1512040427.4615834
1489689925.2995305
1462898185.4332144
1495118406.206876
1518521230.0338383
1586214358.6171632
1422087190.7570655
1516455938.2786937
1487476113.8707347
1570491217.4286819
1584381118.131224
1476579612.836387
1404533341.756375
1468969381.2638938
1391172539.0063286
1467496494.6566505
1407160107.037075
1530706679.7249174
1528628048.996614
1503421398.2788777
1574653728.0135643
1497318216.8321903
1469805733.4811094
1440882391.0918057
1464572194.556985
1456750290.6839085
1399237763.8683643
1507059635.7298827
1440332952.1668754
1454051026.2959924
1455497413.9825063
1565425658.831819
1492530140.5555906
1541629908.93141
1539550602.9701493
1522132299.4466736
1489816555.4192486
1466425597.2483976
1561220194.482748
1488499671.6549556
1477309159.2674122
1392055634.8067381
1543067662.4373777
1537602288.2330647
1521123933.4598184
1434991669.6457436
1539451714.524044
1470173601.1732469
1459199554.250333
1484783281.0286412
1437397017.4782803
1513537666.5711813
1579087769.4181206
1476295678.4793394
1466642766.7374198
1473666099.631761
1483672887.5573018
1421212785.1308632
1470895112.6928265
1510828092.4239779
1437092047.4719691
1484637201.388195
1454657278.966838
1470331573.6959465
1495238958.943345
1549804293.9762554
1496697763.6503847
1514681287.7928987
1605220633.9851267
1516391947.4928172
1566716835.210672
1562849376.638939
1418116550.177159
1536017485.071648
1432943765.1265109
1487683951.5453718
1403734830.2214122
1537094756.4646823
1548419434.5700943
1557645251.3161974
1557277888.631989
1420829233.9845777
1470238225.129402
1526375898.150404
1485149685.4591174
1551361900.6653528
1603640855.52128
1508098416.4212337
1459419724.7960305
1447634497.84027
1510844135.0488358
1432932208.9270184
1507878965.4554865
1497881899.1700482
1523306609.1334963
1503055578.342012
1450401294.8952806
1455890914.6301749
1469994249.0332892
1417004654.4870846
1474991432.7173748
1442507438.3464718
1459058697.4616966
1421591835.4124765
1473989049.4643362
1414003753.8013413
1544587613.5337334
1526537051.9297671
1482130665.7416573
1537421568.8151557
1422829412.9667492
1456912879.3186321
1501324726.1390164
1378967059.459709
1484025554.3246622
1479974991.7288263
1418624305.0207198
1524543921.9719853
1467878432.397439
1500705521.1480823
1460114692.772345
1457976741.4240904
1522745176.726898
1603812237.45652
1410940707.4279985
1467464431.938753
1562433234.3075795
1577999459.9852118
1448133918.6777716
1409915049.6051543
1480827895.6327496
1473790001.3850212
1469755312.3689728
1498943849.3139558
1530685066.649516
1611663318.5017593
1549365908.9900775
1455569229.6822202
1507166957.253566
1471009272.418667
1505526950.879263
1496337571.9563248
1538306526.9487455
1550546715.7774043
1489199355.4644492
1506832063.4723756
1569672700.1549413
1461047047.7132728
1540261457.5741637
1561919607.2960873
1473620664.043212
1464234189.2629604
1583358811.025619
1409428674.561008
1510613501.572542
1464876960.147705
1471380853.1952887
1652784151.8991075
1494027679.4770107
1492478275.9513412
1547345262.3711836
1572956077.686493
1469046655.2798054
1391017590.9222836
1524398553.2457368
1557450562.7561
1473569189.9957855
1484953683.5992203
1420665057.7495224
1432055600.7885528
1603752047.3652828
1383308854.3576021
1512747612.9212394
1466278558.7791173
1452474283.5657847
1489842067.9471316
1364647775.09578
1542746746.3911197
1564141242.966988
1432853015.9310944
1493949634.2133646
1462214458.2114727
1416506868.9542375
1422938438.6396518
1515644223.524592
1552287509.1847794
1593756030.3672092
1567668955.1343424
1434063839.522881
1486293860.93323
1414853329.4353545
1445993080.392967
1480924800.0548997
1508793818.1140542
1427675648.790325
1446522574.693939
1431830789.4317517
1525920367.8168051
1410984936.0342855
1493895186.314166
1503224575.7032795
1433470551.448552
1469001995.1484416
1443571847.4763427
1540457547.7803512
1425212478.4010558
1503842579.2352295
1507092771.7404075
1542823841.0730999
1451578888.0258048
1468326428.8652306
1446641988.2236674
1465053387.554477
1567288163.4552805
1333589298.678973
1513513645.2582295
1482309955.4552014
1583281530.6880536
1380684497.073971
1496599825.5398324
1489502503.5868366
1490855090.0838606
1441648209.4346437
1608008194.5653148
1448350718.8508222
1534430819.9513228
1538707425.5266368
1490840038.9583375
1589704553.8895776
1413080802.2729805
1421762826.068413
1513060811.1432514
1408334469.049275
1422894831.91093
1542920829.450698
1557583264.9010139
1289957360.638296
1351678185.0847287
1498364134.7150786
1503373319.0437021
1536992537.0045495
1475616073.6680725
1489467409.1604285
1336091315.6941295
1470396274.7742672
1467729481.1953099
1535549473.26117
1465670519.1399398
1237406138.310383
1527080971.0113227
1438413043.376092
1475326652.8913608
1670494392.5582323
1469822613.793819
1442477806.522389
1450967884.4547827
1489375355.3866544
1455505262.2008097
1463646219.6746352
1472888327.2981243
1450589443.9297245
1479584960.8268821
1517634451.5857356
1551323836.8546648
1507806525.6802986
1438135526.4580407
1506265620.8776
1320011019.569063
1468278780.7193696
1564720913.85077
1613613232.5147676
1590689538.773973
1500536566.0646675
1475965925.845627
1438697986.5331552
1541211774.2298517
1539222010.373401
1569786086.5393503
1531774488.187228
1405708840.1387053
1385191754.5586147
1462050506.5946977
1409071559.19758
1416215897.8428273
1621615939.3150146
1403483007.1590297
1485246149.0763066
1498350420.9890008
1547796057.0718484
1379646625.1712976
1407968318.407133
1510093050.2199957
1262617024.8984408
1510232200.202297
1606827437.9264085
1380874139.055923
1552095254.4065075
1463316571.3628464
1618122859.6875477
1513394866.66096
1546155106.4522097
1487299974.8802235
1532717068.7965734
1572963441.0191016
1470081413.2714288
1452685961.9653342
1448433369.5478745
1458308703.7898266
1529609597.8125696
1442264273.4876764
1498930148.8886309
1546123373.291243
1470401887.0907965
1501886799.5503094
1560777879.7901921
1524920825.3629153
1527463318.532273
1452742452.7485673
1491154225.4907978
1549493941.938454
1398855969.4303865
1511804493.4757743
1449386420.7127557
1484545032.4862576
1414673093.7374833
1515161170.7758932
1468388246.626365
1423094946.0699072
1398488184.4444926
1500090309.8671515
1480351746.607456
1540781305.6930244
1530613177.1831064
1502002708.4127772
1411068112.9288697
1401873009.5089762
1576024740.5207953
1485134292.1340601
1619355177.595965
1497030995.5804787
1554864239.7644272
1400194234.4760814
1575930753.5110662
1539504045.0262783
1460053368.224877
1214204411.200062
1518433509.5613594
1505506286.8313487
1488381192.4549057
1487680861.782804
1545835873.8300118
1523393025.341218
1532907804.40058
1492012979.2531412
1500879527.2281256
1500782187.9787052
1170703088.7168427
1553832784.7056625
1397789791.525068
1463277703.1255863
1593324043.8820088
1499707602.7756832
1592521517.3993864
1579494552.7403185
1450454263.6079023
1454812694.1104205
1526963569.1843457
1475694283.2064652
1509748176.5204215
1422441782.6676278
1418143579.8043716
1507649943.3284333
1501685335.872261
1516472331.1394498
1513401702.6536922
1554878548.2971544
1511021434.1278467
1518932589.0337932
1474000907.5307558
1406509522.5996618
1493474543.2326565
1400351235.8981218
1580587379.9085062
1489290493.9771023
1507535317.0631714
1453456956.3595462
1410379652.2545877
1429058934.7459676
1459299871.5141544
1464569419.671484
1424455293.1169617
1603798043.2111168
1644591539.1066504
1495891922.49901
1517912356.448365
1523590857.8077874
1530334426.4810436
1552351097.6075108
1526443860.473117
1475078613.7203186
1422840479.4046378
1455502355.9916425
1579500896.5905602
1589009957.6735053
1480808419.665021
1475374371.9777453
1447117658.0343313
1647610809.372767
1490604605.6270156
1543718514.7312028
1550588150.4811797
1492435878.7950425
1490192445.0639486
1529232478.8060658
1437184775.777382
1491144454.9337206
1508298379.341284
1501110198.519297
1488376239.856997
1383458011.0102913
1552235947.3226883
1180563802.9886765
1509378022.346343
1556326725.5514777
1531192198.1471674
1530684451.1645472
1536588189.104499
1432551392.902976
1480270003.741635
1545405146.0597916
1536824710.893021
1511055620.4862294
1407949438.492245
1405184866.1111107
1481493385.924445
1495762927.6695056
1481635424.9037118
1463032029.6377964
1558884722.1090422
1486952207.1256604
1537967288.3357756
1423936608.0863218
1559514161.3391871
1560194614.3999262
1429218524.5864635
1405609508.7665625
1539065627.5104644
1583469120.3558648
1536060540.5813136
1540768166.7948723
1518193807.7466354
1556185609.8105223
1591237941.070828
1500768744.8399093
1446748244.4783325
1477216473.70136
1513764379.038227
1436830701.8343139
1533448174.1109378
1519595029.3885558
1517156245.4133487
1518985161.4318273
1441241031.1687171
1181725774.026914
1368966544.736011
1489654494.0109563
1454171475.577963
1469507883.4511275
1598785729.240673
1597547540.5326304
1514397259.0261936
1513384406.4202971
1485771189.4693558
1421327812.8912725
1531827005.5743935
1522877469.6971266
1570557840.3368032
1414622772.4686146
1541634196.8072212
1613235974.4038596
1516658031.5662467
1475972962.6229591
1567921623.949689
1439533720.2987778
1634359354.3029308
1450024416.1276906
1498819023.2941756
1489597998.7917259
1586120419.9059393
1471668474.4082909
1557616951.3671236
1418954029.684343
1488809708.94887
1528579029.0379891
1524864206.0333982
1464289230.442268
1608666194.2896516
1591665174.4643652
1467243510.744654
1539755298.2967253
1541759932.68704
1481400136.2275953
1215214596.889965
1472549964.2855
1443096941.784649
1454765289.6049926
1566075702.9925864
1533079182.0792508
1418226960.3488922
1540462091.435957
1434393145.2508178
1603220003.169801
1448341798.4062493
1458069760.695456
1474018151.7635527
1579258367.4554577
1555996887.6020114
1466076740.598366
1500578711.540855
1421318483.1332881
1495237801.924948
1579789175.6664083
1465551376.8047209
1458188537.0527205
1593935380.866147
1454003412.5438604
1513968963.864305
1609535311.226786
1464885914.5348516
1542942846.7247531
1541074643.4847395
1427500993.991889
1579014745.912296
1508756454.8541164
1438678806.4912004
1433514651.9992564
1536847678.692488
1481773198.4772007
1596299603.1780627
1476335265.0233002
1493200993.3077197
1490417648.2769547
1531671999.4914942
1502631355.5826051
1435906888.9300342
1498271200.3032389
1520053991.7005386
1465861534.681859
1567698403.7635827
1492276273.956754
1229815456.994552
1507211031.4566054
1444468785.739399
1469456676.0654802
1516509413.907885
1410607162.8246372
1550362690.7741592
1462035381.231937
1435174486.339171
1537890188.0273557
1660136597.2231188
1342850439.6855164
1429703721.080292
1539612159.2539384
1490495918.7525861
1515733656.2268615
1503983587.1438153
1443717255.6544013
1413911024.2941978
1635355959.3927355
1480619699.1715353
1460324872.5172465
1420844153.0069811
1591940983.6503189
1501441371.4705584
1551413691.2099807
1624740935.7100098
1508347201.6527169
1462217322.4568822
1458420782.9230137
1468510887.078024
1423056840.8400612
1577547517.1173844
1426657848.745454
1440698164.9023097
1497447259.2386253
1497386368.7194624
1531368542.1646852
1539029629.697276
1487470180.0976849
1538768313.6883643
1468335172.386798
1538568887.0659666
1447731641.713981
1558158550.5071135
1508477561.1810176
1370230227.226818
1475178243.1312037
1516593336.0658243
1558832831.3409853
1500149327.0042439
1491048675.6079154
1510534036.4390395
1546671532.311357
1507071465.284421
1593431175.9563076
1428646865.755418
1425890048.4579022
1425522289.1274204
1472306273.9482572
1485542240.6931612
1604156033.679829
1511790751.2706475
1585284120.8018427
1484736701.7721465
1363119026.0797439
1502401329.4365666
1459541866.944251
1478932644.0603738
1554228828.1397815
1441152292.111532
1517152558.0654705
1434187972.0434892
1561160167.6460276
1463857472.6439397
1553595514.6967692
1494612969.71744
1475229680.7570784
1510946238.8432958
1464209536.802209
1463306203.6432843
1606584949.216997
1416846158.6826558
1572287508.992639
1550663187.0552645
1473238792.0595555
1552364708.1329627
1469849109.937481
1461476186.7412274
1546131351.6661813
1477193881.1084113
1444396571.0932457
1503052233.7841234
1481398056.1865828
1497235859.5571208
1468469938.0582955
1481450782.603233
1523062317.5183513
1438208426.2396023
1544526563.0210478
1512338646.159559
1490202472.993339
1414089668.8129258
1486171553.2943492
1501210751.0685582
1459544512.3372133
1485379530.1177962
1559998726.811363
1480801784.469922
1494316888.5523033
1526883884.856683
1478234421.6519175
1517873592.2301342
1484819494.029727
1396386114.2840424
1558793086.7678683
1429084438.405461
1531497910.0007935
1503783525.2387052
1578868307.5251262
1563685347.1592069
1554087090.2913246
1570041741.1955187
1449367961.3469217
1479605088.0722349
1645336017.1826167
1433252684.4038067
1549996721.6699688
1536145034.9067156
1510520908.6025884
1550219565.743161
1437014602.104127
1430381482.1951394
1452322768.5171204
1453793088.9064603
1559814310.0954156
1617081031.1071572
1473705563.3062217
1527238387.6810603
1398427210.2646792
1439338220.3761818
1552081362.9901037
1468913329.0490263
1600687933.3866057
1478574754.0751238
1398527294.900168
1513413231.7327583
1511104473.6437309
1477716056.8964162
1462387552.3910322
1457280705.6013167
1491256655.349526
1399893397.7009673
1532757198.7194622
1454356817.4540777
1580356407.4169998
1470418038.0631726
1547818634.3565738
1480183300.5849664
1500384828.3378203
1551985485.6157393
1426764878.693344
1475157996.9491029
1527905397.0957365
1400714440.2339761
1560086388.0961683
1482630921.221179
1454348730.3905833
1457824939.6305368
1384586617.5920627
1567570671.505094
1593528437.5763986
1556475038.175386
1428117842.9381366
1561981190.891315
1529126311.1910777
1466580990.2948782
1475728346.135106
1499647527.9175513
1482999655.4122424
1493077731.7106376
1512008797.9103408
1413958025.0993443
1583996333.379559
1397618952.4218338
1474943420.0531337
1548627211.1644294
1426361287.0469253
1438000280.347252
1448032698.1036448
1592714305.0385153
1507878950.748873
1519080748.9370341
1572920005.2162025
1496388321.585521
1427838001.7893991
1525101878.1641495
1642597251.9951782
1605625747.435739
1518863335.3846498
1483489917.4996877
1428588129.4306293
1552201059.2934778
1459702649.2433124
1581444720.3459167
1561609240.6379573
1442331804.9250607
1541176642.948998
1477159155.6320806
1592715287.1146705
1435457854.261447
1523601582.1925683
1533209912.6028721
1521184315.3892765
1535910470.7084603
1401102995.762686
1538909348.5026512
1505020087.8950584
1554366302.3558254
1537730818.5334654
1508569913.3084462
1504861372.3446953
1533480376.218467
1557290976.999883
1428145962.6654727
1446133247.674729
1538046347.4467576
1507771317.8766496
1397571573.324676
1430534174.385221
1512078617.66801
1491668851.378591
1420147476.3846679
1507192082.6054547
1427755851.4459257
1455818921.774879
1506341506.0541747
1460716203.0360718
1583084121.9246845
1514642303.5746706
1463080741.0149558
1524811016.426867
1414467173.0625021
