0.0013599182294963684
0.0014285609349809537
0.001779190429963755
0.0014992743411515062
0.0013596105213711668
0.0013588297510434373
0.001981103742767337
0.0014999595958335831
0.0009448416873999352
0.0012892563568876253
0.001779780835640336
0.0017714854144375897
0.0025451319075969923
0.001779738219469767
0.0011132211494567596
0.0013967165770853666
0.00108089178637595
0.0015361138976801125
0.0018119675557451205
0.0009063773076393377
0.0020930040333552225
0.0023345447208354326
0.0020194049846320957
0.0015007980062170943
0.0013246526499296797
0.002128442473845074
0.002053967565862444
0.0017763486701468452
0.0018486776626712718
0.0008754639625781947
0.0013241434222705784
0.0016376041734687823
0.002231057285639124
0.0018087229323905413
0.0016080661060753755
0.001393652427638131
0.0018107974194468742
0.00192261010157967
0.002054692372961719
0.0016368333414215328
0.0018473442381112253
0.0017763122750986747
0.0015295348104625273
0.0025488363470139454
0.0016036843902152349
0.001605372295230835
0.0013649920059799394
0.002051468080780563
0.001982798649728278
0.0014238274520707963
0.001361152257690468
0.0015670691723937635
0.0013257956347685097
0.001845450935300918
0.002299018512455983
0.0027906235752468236
0.00215175520008552
0.0017406897669913785
0.001327215134288724
0.002305733483809625
0.0015334308229748154
0.0018083650668653905
0.0017790228670292094
0.0024700483018668755
0.0025421527918080863
0.002084559925981406
0.0012846649265285891
0.0011870365404001513
0.001883734165140995
0.0018437738118800818
0.001783040068539833
0.0009087591400062361
0.002541503785189842
0.002536620381537602
0.0019209424556263625
0.001120750344320602
0.0018780217311615624
0.00250903603498624
0.0023319203193120585
0.001325418453559882
0.0023328719455706437
0.0017012621231849963
0.001360924000479096
0.001600620662717041
0.0014551075611292717
0.0018411748055592193
0.0011183797968635487
0.0018823187125974435
0.0025730589930288397
0.0020563472597292976
0.002059161390288698
0.0015320930577663206
0.002088335705920215
0.0010824176162497652
0.002400014540091113
0.001433036048431174
0.0023383043923984968
0.0015305655983772085
0.0013652784884542418
0.001424868392613843
0.0017794680376214136
0.002021401379832585
0.0008716184437716885
0.0020848482062395626
0.0022956676786780035
0.0012507470069289175
0.001811205600093199
0.0018079111434042205
0.001598988635904544
0.0022315670870094654
0.0012886448059678192
0.002297145985441255
0.0013632810563043315
0.002091526781581735
0.0016042678141360324
0.002332725974619665
0.0018079068047778765
0.001606376026870221
0.0028354950738836674
0.0020891955007911146
0.0016409340876611567
0.0009084946555574975
0.0016644217882683914
0.0005622856133654203
0.001288101514740538
0.0014927734412539806
0.0022617128858343303
0.0013951920045526137
0.0018430746246785538
0.0011546345276036319
0.0009066254052562592
0.001183341955402239
0.0016044352097601183
0.0013917445487011243
0.0016013999376407728
0.0015728419621685755
0.0020159619079533338
0.0014002135514738692
0.0013229370426669472
0.0022945400858108253
0.0018492961502416356
0.0010499217181799624
0.0018116152572507096
0.0011809697972799474
0.0020510758313004324
0.0011824444230600683
0.00223218196756345
0.0018143937216618185
0.0013944887179383192
0.0011526435032087386
0.0011507072043923509
0.001152175566509768
0.002025366833759868
0.0015279256011564368
0.0018204335844083706
0.002369861480857852
0.0025502801139164733
0.0011141170988108779
0.0018161220811019221
0.0016752880562404477
0.0018467961604603062
0.001602336340207061
0.0013584084765473946
0.0011168061565355984
0.001609876138854938
0.0013603379526595078
0.0023020510940354906
0.0020974566342353623
0.0020461477039426554
0.0011476007145127724
0.0020933840101527513
0.0023035536497314213
0.0015336560929844578
0.0023354604360989145
0.0018506440498876288
0.0010848975066146585
0.002337476604784281
0.0016023981768541451
0.0015307731886567892
0.0013943088184679366
0.001287348511700659
0.003171787128264632
0.002020190008448681
0.0015979031895111504
0.0016059853734885
0.0011464065988585125
0.0015652386491244086
0.0016073262605697568
0.001984145829590377
0.002160194872023624
0.001392032216527172
0.001891234178287783
0.0015330607117726867
0.0022626724662026193
0.0010398185078101428
0.0020215905386592715
0.0011484938875476725
0.002022217129493245
0.0020560235398978514
0.0006251943124716336
0.0021399656286677222
0.0011488249377722768
0.001560696277176004
0.0013951742149095094
0.0013611822960057775
0.002016263179341748
0.001394642570638149
0.0017756864285184254
0.0018840202025460398
0.0008738688869598849
0.0017425088785721166
0.0016415558234764904
0.0016068878700231893
0.0018423014346721197
0.0013252327903532635
0.002094956850302847
0.0016348742868754998
0.0013961878253702749
0.0013215202944297708
0.002368906248419061
0.002332862695913076
0.00041960216202435914
0.0021220027154746227
0.0013950524151783044
0.001988795687339243
0.0027869951679324397
0.0009157880943554619
0.0020244111349498185
0.0017811370164314724
0.0018121639197837176
0.00218914710394241
0.0011613217962007092
0.002232829398195961
0.0016010438864074487
0.0021927696272782157
0.0020634927440566645
0.001849401941147835
0.0016006094391506514
0.0018808706934966735
0.002268367846286106
0.0021238641543287543
0.0018505529348612612
0.0013577827417414286
0.002024833267131982
0.0017793348108009533
0.0023764423949075887
0.0014303616159954734
0.002643175954245712
0.002542981615285822
0.0020869909422696746
0.0016343419991526986
0.0021622901123576053
0.002058581064662725
0.0008695749872375093
0.002539514539777067
0.0021287045281594137
0.0014583271977779044
0.002297553732301623
0.001599340910493322
0.0019189554006950758
0.0032743066941145365
0.0023375569904540237
0.0026110353142735025
0.0018377411255599365
0.0018883654774119558
0.0015638319782752318
0.0030361583362853886
0.002305577190107924
0.0018438725997821043
0.0020889469291423377
0.0019185389243308918
0.0014700057054633318
0.0016725752781500303
0.002059490843993293
0.0030215653472907616
0.002620735057633958
0.0019843012376849116
0.002326291012229067
0.0019818775939705194
0.0023011847866643356
0.0011509661440408955
0.0020163827016358568
0.0008759599913735703
0.0018472504048254385
0.0030285118459434514
0.0022693473089444817
0.0020571513460545436
0.0028560857554195667
0.0021971318393611524
0.002102291992767098
0.002304352965196727
0.00279105869310065
0.003051013751474831
0.0023299140213275185
0.002016276585306193
0.0032020836646731807
0.0018080079661430806
0.002582570859606501
0.0016032856896729618
0.002371606958680097
0.0017764170521656418
0.0021657554494066765
0.001808451669860329
0.0018430408225039003
0.0011226696401899184
0.0022974761584942708
0.0017134493687636992
0.0020557416155426492
0.001568667646016137
0.00208572232635696
0.0023006352774158924
0.002160367780155003
0.0023380876867268624
0.001886979190805752
0.0020962525773909717
0.002203482910124856
0.0023708421851397613
0.0011141448767546603
0.001849791705058843
0.0015294262699166953
0.002574238077677486
0.0029924396390598965
0.0030331780012303206
0.0020869530496429134
0.0015313458166669159
0.002826799622821617
0.0018510560349950071
0.0015624684630673757
0.002586674938566653
0.0037639280736501903
0.0028613579125898406
0.003767564351694465
0.0030610621800708365
0.003408299021911188
0.002822698824456678
0.0028541440857675878
0.0027914519498952947
0.0028915609393499876
0.0031086116461936336
0.003342611657130255
0.0021239237899650007
0.0027852885433523366
0.0023954935640503067
0.00379917709926433
0.003581559927865929
0.0030592790967852433
0.0032757342532520597
0.003344829811903575
0.0033464092477996196
0.002644559429862502
0.0032014821781958
0.003549533937610254
0.002470218879939785
0.0021952787697418733
0.0033836359577466618
0.0030665937405227224
0.002507834332204802
0.002715065351458159
0.0030969665400611716
0.003105114921702761
0.0033073618657402278
0.002825608962907987
0.0028542453013312113
0.0029695372935471614
0.0029310045803904745
0.0029324313221159633
0.0027810444229820564
0.0033153673192229476
0.003560058210543713
0.002759055789682517
0.0024066217433084632
0.00356049142445285
0.0017742210317188828
0.0031401160698177792
0.0033799411074597946
0.003130342044560531
0.0019861786008264102
0.002417280074762646
0.0026893733417611178
0.00240851656715265
0.0026123290608722613
0.0028613945433443606
0.0026150340818221823
0.003310397970405908
0.0016317836072244653
0.002369596596340294
0.002646428083861486
0.003165573639244237
0.0029261335961521563
0.0028194900687086143
0.0017164197294948652
0.0033819437673969096
0.002096688710068814
0.003076738581437657
0.002749004775787137
0.003136175336497256
0.0022274426027026383
0.0030957043372805675
0.003165536952569749
0.003337025454917674
0.002720307260938428
0.0031356073104498975
0.00340906037937873
0.0028973690813199125
0.002613346081956773
0.003309889526241738
0.003129353982751158
0.003803340371433578
0.0033488969066129506
0.0031760110059535374
0.0023676858657438703
0.002641407690218669
0.002961307230736082
0.002893892256554262
0.0035535318542221474
0.0031377697595119784
0.003411256270331036
0.0033872081803990144
0.0028949161169271277
0.0028622863865962996
0.0033736854764413893
0.00341852026280098
0.0030619169294375703
0.002720132814514967
0.002652046611895366
0.003171447576998029
0.0026187591010145895
0.003830347328956198
0.0031023589131814544
0.0034477084513361523
0.0023985730679281963
0.002468672069134852
0.003127504019636108
0.003138838568661466
0.0034551496845486545
0.0037931907333372842
0.002897462617911508
0.0032061198336049406
0.0027192928298952986
0.002932670038181076
0.003309228026375419
0.0036228127712229137
0.0035563405067161906
0.00331437252543665
0.0027552093392975295
0.003413811840106883
0.0029863114510177372
0.003656561504155631
0.003170728519368147
0.0026909613623780685
0.002686322869558705
0.0029644678680410615
0.003555859575347444
0.003579735753413998
0.0031363596856529593
0.003554677770656471
0.00410967292623712
0.0036243084409853586
0.00279489795191826
0.002726612400809978
0.003173060200349889
0.0029650896512984394
0.0033839776647562525
0.0033799365706208215
0.002715027377388954
0.0033792692336251083
0.003663036910042478
0.0029729469717327357
0.0028921777518105757
0.003197608435292358
0.0034816108302190315
0.0027232346197095156
0.003863854370359403
0.0038009688903607695
0.0031318164645204954
0.0035534506675027632
0.002513340689291806
0.003136878629292443
0.0033496179658885853
0.0033059011742861766
0.0035904445242537397
0.0038631615926790013
0.0027897650452065868
0.0026173683104762937
0.0022652036398338004
0.003343980953574371
0.0019243721505358229
0.002824157079883531
0.002380763608460005
0.0033602361450141205
0.002505336832851881
0.004106715996577626
0.0030325101843562303
0.003216986440529724
0.003130236464326601
0.002474569684628751
0.0033065857335572283
0.00271879176676443
0.0030417700332702885
0.0020563773109475427
0.002475639853300581
0.0025433406938192883
0.002971321782966379
0.0035263295368553223
0.0027888514096946577
0.0019961335678772337
0.0033798149846948583
0.0025817683426690077
0.0028916186965306247
0.0025536770704226225
0.0029276505749571743
0.0031345294903334575
0.0026780047313505924
0.0029978654946636756
0.0031679836934473985
0.003349496196726668
0.0026505837586689026
0.0033842259133880456
0.0033523270869493405
0.003631393024589725
0.002650808373147765
0.0030645840616918283
0.0031093335870573825
0.004254679139982419
0.0037597101599372656
0.0033127137775355916
0.0031383911329166806
0.0031395480293554398
0.0029176012787735855
0.003760469719332459
0.0031710528959753635
0.0031288993212075815
0.00337942255156594
0.0026784280340425245
0.002651208016360207
0.0029606509164867784
0.00323936925933963
0.0024752350180855115
0.0029251344768762236
0.0028979308780685896
0.003157831885514677
0.002931673939612721
0.003348930345958582
0.0033440930221215665
0.002971871712019047
0.0027821011584364943
0.0031357925090033704
0.002893433787100965
0.0031380830022816717
0.0025466710316703963
0.003450259669460548
0.0029029190244503683
0.002957255615409801
0.003667385136378339
0.0026828623813882017
0.003970718622058154
0.003172774481597131
0.003344945648540196
0.003384166506772459
0.003448159932412297
0.0025181761000154903
0.0031661992856783063
0.003204236237113598
0.00310473245791615
0.00247644821530338
0.0027468008665379427
0.003796022360572192
0.0033847847892589707
0.0031757484062776425
0.0036135560979842357
0.0030691358577583064
0.0024318229286240025
0.003135059088697732
0.004036668247250083
0.0031426749668930195
0.00211904093320748
0.003108976905819448
0.0026138889724651943
0.002962103821872218
0.0033873675389727085
0.003377224444486926
0.003306331282462103
0.002438620112480188
0.003272963027925941
0.002967389751165679
0.0035106821426111046
0.0032045798247061
0.003304790628840176
0.0033876141070635782
0.0034552692193003244
0.0029569902932669407
0.0031686074623189313
0.0028631076190550725
0.003341493208252261
0.0031313267655798532
0.003580830621983727
0.0031017627798397484
0.0026439658507746103
0.002896618519414451
0.003759954004048467
0.0025371495697760144
0.0021546789870254385
0.0029291125462208084
0.002852388825655231
0.002964097207782874
0.0029234352312341896
0.0028903432780570983
0.002548064079488867
0.0028845857738348628
0.0026803002793128134
0.0031427340325363
0.0024045137376996466
0.002552040213020904
0.002514427235555279
0.003238322461804146
0.002273036024893362
0.00292817781134333
0.0027197900053225086
0.002337597914348883
0.003959765275754206
0.003343558060669675
0.003380501898267191
0.0026848029052713505
0.0031793051269596467
0.0033750511315768783
0.0036166706388739674
0.0030951163926772334
0.0033099898465299323
0.0038011092506510307
0.0028460631347979053
0.002478289216850531
0.0033148138948662902
0.0022682954315227806
0.0035892845921340084
0.0027684812236043236
0.0031719387268973856
0.003803786254109907
0.0033835201415121567
0.002647800283515394
0.00334839798921499
0.0029004380883673442
0.0034894747373092378
0.003205189616570713
0.003343661356050034
0.003794965335216342
0.003174381968998961
0.0029680178612474187
0.0026869114308319393
0.0033379851125758574
0.0033514722725866367
0.0025119346294214706
0.003427234725869946
0.0031001691981433284
0.0032701289796708602
0.0031286878009452916
0.002722470601645093
0.0037652827682847175
0.0029295789917808683
0.003483045854591625
0.0034196933711802885
0.0029964303645520387
0.00362346986521599
0.0026214332073815753
0.0028886699525940644
0.003210682958938563
0.003344362879178885
0.0031007613350601164
0.003625040190707803
0.0029325018869962886
0.002340502755441217
0.002921279609714762
0.0023760049282942207
0.0030980072661396375
0.0033418028195147443
0.003378932227596801
0.0032983276528692294
0.0026850667660542863
0.0024472544687114085
0.0026455997344009387
0.00292812777870899
0.003311553425006364
0.0035917434128368716
0.0036654857571041567
0.0028895601065119453
0.003207363196727927
0.002753032874325465
0.0033812457763850562
0.0031376982171507873
0.0031440604158563677
0.0024401785610888285
0.0021753744481262547
0.0035947197766238023
0.003136910344783866
0.0031698362262433453
0.0033796458124432435
0.0030706177140439983
0.003179463492103904
0.0024034026392552063
0.0026796939315716925
0.0028940737976685337
0.003301873619336066
0.0032090463030946923
0.0031050270237237
0.002991252136163843
0.0031716488810372852
0.0035533362120605486
0.0033090816311044935
0.0033070584420889487
0.002649183664726249
0.0032716375700102833
0.0032106688917823874
0.0032463526969585535
0.0032049538974293058
0.0033377278598259045
0.002622811068556244
0.003621127017472064
0.0029307244933651686
0.0029694500688063666
0.002726276938397882
0.0024489049988144756
0.0029240618168567423
0.0037991895462250146
0.0030728806886770235
0.0026761407055859595
0.0031333679472640248
0.0034228455243116808
0.0028894530595107272
0.002931974727733678
0.0033493888297757074
0.003417381935752099
0.002956468901506109
0.002732450284075726
0.003420547672425664
0.002438510709212991
0.0037994592589789254
0.003583632815729013
0.003138217266945415
0.0033456722658213715
0.0028993996197748837
0.0033071547824894292
0.0032100241716965633
0.003131599359132046
0.0033098015720022917
0.0031412533277588206
0.002726211866490439
0.0031277522360998143
0.00313038203116532
0.003098151344698199
0.0029573655370554236
0.0027253587072894473
0.0033479188804700585
0.003172821656530413
0.0038032039320509605
0.0026801769875397174
0.003380986276094959
0.003371751216973242
0.003341645119128717
0.003143001664360383
0.0033452374807337875
0.003623958251506493
0.003557492446077002
0.0026551933110119715
0.00261145377365674
0.0027227405570827232
0.0031736525768516492
0.0027188686765626992
0.0033471263577082187
0.0020331705122912666
0.0034159555536555346
0.003410166300841447
0.003344811732389474
0.003764546114927229
0.002684941508798148
0.0031750685359302976
0.002961000277253083
0.003416865750015347
0.00358574766215224
0.003387035733537854
0.0029330868159863493
0.00309970456245764
0.0031371229399033314
0.003549394261152176
0.0029559830172373085
0.002829751676727506
0.0029217027768713905
0.0027859526013241393
0.0037961202096929575
0.0033436079621503648
0.0027887869933500755
0.003060546107932115
0.003451711087164165
0.0034231964820395124
0.0029597552653571183
0.0035872285464349785
0.00333940345418266
0.004039846237769465
0.0031000342439723503
0.002519275569456082
0.0035563276875448854
0.0029646980217409398
0.003214434759101523
0.0035607694813909463
0.0034193806840536003
0.0026797534761673686
0.0036605093665780532
0.0035855845363006195
0.0031374905587113625
0.003137300850289921
0.0023419341588346554
0.0031460388496129836
0.0028951639312398943
0.0035917154151431535
0.0029286726611882346
0.0033533017335635527
0.003345977104773436
0.0031035347570968733
0.0026115802389585067
0.003404206701691597
0.0033930938844824736
0.0027542052637402523
0.0024615740850778547
0.0031656329419450283
0.0029291831189375284
0.0029139347934330475
0.003352968582361383
0.003407869625675574
0.002550550540989116
0.004034754865598145
0.0029591243550490315
0.0034519053167328794
0.0033860160577444173
0.002227949414099996
0.0028897446224787934
0.0029641418852988047
0.0027177596879091348
0.00272572645799333
0.0027230592513071074
0.003133935308466144
0.0027244067874484406
0.0028844660622644714
0.002340166334117944
0.0031759331686596042
0.003205701723484084
0.0026772348997931177
0.0033450631242241766
0.0025518562384989033
0.003357527058550059
0.0031695698746302095
0.0031736534058632417
0.0031711024144768676
0.0028839684089278753
0.0029947434870388583
0.003309480123810389
0.0033453064932303022
0.0025086118929292726
0.0040790588298656415
0.0019926474183262115
0.0031300072753474646
0.0031010322115676563
0.002967951030038406
0.0035225120914628323
0.003175806988486624
0.002992994673793779
0.0031998184425706664
0.00289161366019279
0.0026084908412706614
0.0032058892621150154
0.003105726663009319
0.002717584614498454
0.0034116407595019063
0.003165146291537542
0.0029912995598730292
0.003140946424453096
0.003164325942919104
0.0031775179487287556
0.0035532738755936345
0.0029278129623463273
0.002971435782416948
0.003136921115521437
0.0028897213516053495
0.003200403966581075
0.0027554473008013177
0.002719143662611334
0.0033399909698984365
0.0031407551950308112
0.0029365198066357203
0.0027557624136808536
0.0036273374040125973
0.0033764638839210923
0.002931995198667266
0.0033461160374223175
0.003284105749512728
0.002693788914043062
0.0030300697309592773
0.003591082705311413
0.002922734905401198
0.003242297975915697
0.003379568078080663
0.0033556619302443566
0.0037261015311295326
0.0029654016126075314
0.001453344016608509
0.0029322147679635754
0.003175578792875247
0.003421604049994244
0.003695692521968136
0.003003065415338026
0.0031997577498738407
0.0038007681536142784
0.003203798057932441
0.0031701403353141828
0.0029318412918429666
0.0031019080208546062
0.0038722915876162134
0.003140809055495549
0.003620470540898804
0.0025472706184438503
0.003136701692994182
0.003167739420801677
0.0031340675662316
0.00268522999615055
0.003593401406826935
0.003794522304139839
0.0035621162484265776
0.0024350991498283407
0.003207979926401463
0.0031997890036795577
0.0029329410493193295
0.003137075190309768
0.003380544709628965
0.0026889438259677717
0.0031645180885747845
0.003173579054054711
0.002890047119685041
0.0026466934684929184
0.0036276091378313743
0.0030743522436596496
0.003656686372449048
0.003142148841400428
0.003203257915486783
0.0031416453432108445
0.003764974982982327
0.0028511078973317643
0.0037250147663491565
0.0036182879840455833
0.0027956996782360958
0.002502372458287768
0.0031697267128486255
0.0033080019646969834
0.003557768241426569
0.0034168729285466853
0.003170335591823246
0.0033838210143603328
0.002886374964167245
0.0025061878828479675
0.003671244547004891
0.003172177249490023
0.003172894807805945
0.002967504047373491
0.0031429706179155635
0.003624473019596242
0.0027286477963428687
0.0034220310156841236
0.0028908755145842053
0.0035457727036150395
0.0025928441779370366
0.0036939148871850546
0.0027607591278933003
0.001993664904707244
0.0032436475527979516
0.0029274358679564675
0.0035539237513769937
0.0029374862542759506
0.0031348658075170633
0.0036596517297891786
0.0035249998564825993
0.0038008358021903144
0.003699007858392372
0.0026143295978249196
0.002931998238107706
0.0026125449822793395
0.0033752053326772456
0.0029669553608267264
0.0029973849368195287
0.0031327299429294952
0.003339421485928927
0.0028889789468754218
0.0028550705259190756
0.0029650235737121483
0.0029989256608042893
0.002681546845177441
0.0029296976920394485
0.002638690566240891
0.0031045708759448445
0.002726917704537289
0.003137972299664442
0.0027176384165419868
0.0038592163660280793
0.0035554951307350735
0.0025532063088659213
0.0033359298303548704
0.0033851330978618152
0.002754166315472475
0.0026509956687950963
0.0033822014645600636
0.002931175666229186
0.00309909492227305
0.003390352840830409
0.002854699509051216
0.0026727911454775904
0.0033159858374735736
0.0030645642631074235
0.0030615275838887395
0.002746923837624736
0.0029367936007785064
0.002718635363753893
0.0033442146383495883
0.003550692397336254
0.0033506726060694826
0.0034076625779068588
0.002447463175471972
0.0028601340684707675
0.002275189881252128
0.0028546736967221763
0.003419283127931798
0.002714271253673303
0.003350158421907611
0.003554828486680225
0.0033790260360703267
0.0021985330417294536
0.0021718107168084188
0.0024746619395195997
0.0033771639473390656
0.0027202963083661877
0.002727163099747141
0.002612735873880028
0.003585196867576624
0.002927795923735518
0.0028976907237454517
0.003588488400989018
0.0033451599640873767
0.0036549346702504995
0.002759441960451146
0.0031023055078741213
0.0033460678809371014
0.002883980210178209
0.002926594484097639
0.002858249133897841
0.0030960296255585257
0.003090246028718695
0.003129536472040674
0.0033478363878190554
0.003143820581518997
0.0035270998753016724
0.002963238806393146
0.003060753326005762
0.003800176558524312
0.0031344903525254548
0.0023698465480359674
0.0031689176556598036
0.003586720348872194
0.0030234228933748693
0.0031034905442179268
0.0028970039005228117
0.0024718555994743185
0.0027152314734795575
0.0031953680866897423
0.0029600836439419597
0.003600921335729859
0.0028933442197256725
0.0034179790593158767
0.0032134142509879235
0.0034194877853243196
0.0028543244679319966
0.00290169943365444
0.002483658850769944
0.003867104709901196
0.0017042328484914767
0.003592088857432686
0.0027159618244521045
0.0033801729709694193
0.0031083541435077138
0.003201933085945929
0.003585303826022093
0.002962855368355275
0.0027214854182348483
0.002757045789071813
0.0031655374395085827
0.0024710005309491628
0.0039022272010758186
0.002684637113743305
0.003757639495982053
0.003584214299050563
0.0024782601887326874
0.003073855045712336
0.002724823741369281
0.003594179318150169
0.0033109101622347246
0.003597581760015087
0.003179639755702548
0.0033776925528274395
0.0037986302440831832
0.002651553592183366
0.004285183429564934
0.0029228379845360427
0.003133376957920989
0.0031047941167257095
0.0028990804115906882
0.002511923512229312
0.0029267352584954162
0.002899891463378754
0.003388286393362134
0.003104992353888292
0.002965763455157827
0.00359178430738799
0.003584175129383853
0.0037587530001213162
0.003143300938784954
0.003553609901078612
0.003170415470826001
0.00251636065361761
0.0031682729405770886
0.002467230881625366
0.0034069093328813692
0.0033514251510683153
0.0035558611984152708
0.0029639965720239083
0.0035582812149650487
0.002724596384764328
0.0030944764439374737
0.0016677575958946094
0.002651951326364955
0.0031432838065480286
0.0029621201940583214
0.0031808828130173872
0.0028587186595017155
0.003209065445308268
0.002686139773368158
0.0030667873376365603
0.0034177370224412907
0.0027553556204209717
0.0037990864962877107
0.0031013398423902177
0.00320572415831174
0.0028124176504097046
0.0035263670994716877
0.0029223211977314647
0.002750914419202379
0.003584118258592805
0.0029605019124051197
0.00359068971529024
0.0030985895479396413
0.004039097011886973
0.0031767936122116267
0.003172591500182518
0.00337836527617504
0.0029290777753032847
0.0033458437301734367
0.003352021832037138
0.004027897650241837
0.0032068486847215616
0.0032754863440744002
0.002933100034052276
0.003585437765432853
0.0024027210669370267
0.0031326043219269614
0.002723166290032661
0.00342434470558712
0.003371173288635975
0.0025104844973744315
0.002888131311563026
0.003171307023602439
0.0029683661433970426
0.002966553340686967
0.0031429259672801787
0.003791241290923807
0.0027091017314415547
0.003551462391681593
0.0034118473122760652
0.0031047565750026607
0.003382925778677422
0.00309320134684516
0.0036913555654819997
0.003104895288722361
0.0031411167013737067
0.0029003407778482883
0.0030617908153108913
0.0035577433192641064
0.0031975422315593215
0.0036323071275076004
0.0029692312596727
0.003036462537097657
0.002964409360687504
0.0032450859727131006
0.002550514749392611
0.0034526999988859085
0.003582943193145956
0.0029309403577977306
0.0028942982617908204
0.003135135055931032
0.002894137332222778
0.003586986860971984
0.0035125338183821476
0.0024767693317160147
0.002925931276006674
0.003347344637781168
0.002470140452209285
0.002682231026974425
0.002442756780588069
0.0031773439699675846
0.003130216947468518
0.003176113753808455
0.003198583129498169
0.003370457899670994
0.0028926423680954187
0.004079338037061687
0.0029004639298538777
0.0026502733964368567
0.0030666685954895915
0.002504639344524216
0.002677156242676619
0.003309825100597222
0.003726148563121547
0.0029669756080466865
0.004002284375995335
0.0033798856004677797
0.002208167393632744
0.0027152166738660913
0.00355208821820168
0.0038006371526200272
0.0024829711191061005
0.003597998185776608
0.004068984276560287
0.0031747810888536508
0.002017534974986312
0.0028573163275138723
0.0028920514465650333
0.0031668724084819642
0.003798107198219624
0.0031380119406738054
0.0031026642862896385
0.003334104485897745
0.0037592928516939307
0.002717730134576407
0.002891276137528302
0.0028803748462435
0.0031762599493076883
0.003423742427918101
0.0037663461999086125
0.003373900263529069
0.003414690600400184
0.0035551691997855505
0.0031399694650348525
0.0036289329655040063
0.0036526529707969135
0.003346277663518827
0.0031322320306666146
0.003167324887941885
0.0033474653744484406
0.0033843487114871536
0.0031396912176429796
0.0024789602152787554
0.0033090242792293565
0.0035918577355938956
0.0027471276996433574
0.002477268594116881
0.003290666757238688
0.0029317769044050826
0.003411520788201201
0.0033755179009265276
0.0029641524287441143
0.0030714120660774408
0.0038369804778192844
0.003344603582476724
0.0031359629056537993
0.0033055773024627004
0.0021892803560534307
0.0033387684389781197
0.0029295483307945755
0.0029669878804504534
0.003135348843079906
0.0029235389374927343
0.0031807202458087242
0.0024775750467042877
0.002718577406840679
0.003312161575391376
0.003133765586739237
0.002927737762812734
0.003306346823072006
0.0028895162740050447
0.0033716957563689563
0.003593987201559557
0.0029247257561844735
0.003167046574129985
0.003139646228705652
0.002926585418564062
0.0029356014821211598
0.00351086125535835
0.0032013636860655334
0.003212671279161482
0.0031724057400528112
0.0033445385785263715
0.003344741594993613
0.0035945414715447092
0.002750767559751436
0.0037637825347074877
0.003216255545683531
0.003098963105195292
0.0035779099233633218
0.003347778769793808
0.004001714747469744
0.0029546146457399844
0.002788407271273473
0.002642212763737932
0.003211384395184958
0.0027579353711560816
0.002478293324074832
0.0032010626417931527
0.0026830039190935693
0.003348505671239247
0.0040389500551618615
0.002656054875776368
0.0029209889314739793
0.0033454012339022665
0.0026083342370336942
0.00309603858110935
0.0030009877531649676
0.0025050183680141278
0.0031328258607519473
0.003161899594856895
0.0031632418435717626
0.0027548094344557765
0.0034118213501450165
0.0024784724842181684
0.0031103790036883946
0.0035506422955898253
0.002855481361751941
0.00288911778821668
0.0032010025945428764
0.0033070881083131316
0.003632147543122486
0.002713702154943143
0.0028254790750650736
0.0025511731227576095
0.003419570673961068
0.0033402973474968693
0.0027224465166144386
0.003761821573709534
0.003414641938029788
0.002271457075974785
0.003560126267766456
0.003306649134044973
0.00355192355318028
0.0033803189350118876
0.0036200216579335607
0.002931632830480374
0.003341992520642062
0.0037647946848113007
0.00341049842718242
0.003411579256012856
0.0028985021698354897
0.003173055349067263
0.0027101354224569178
0.002928939516799165
0.0031743275604505113
0.003380644738576992
0.0031701715238346773
0.003869112131989343
0.0027159964869074437
0.003134650229814547
0.0031346477003873128
0.0036588115080261555
0.00288308153071435
0.00387303443851848
0.0028898421405040013
0.0034111573254159418
0.0030983809561210955
0.0032088497463832514
0.00268094529987394
0.0031048875945635223
0.0024995135277483833
0.002929960306069299
0.0029623526869133852
0.0030259582320383846
0.00338663594155847
0.0033460932282702114
0.0022816002227167564
0.003206095100612345
0.003177605340546411
0.003129283259109078
0.0032133278840584655
0.0026781824138207453
0.0031707278415020555
0.0031770964620078945
0.0032021267030248584
0.004075604724102204
0.0035530791644119626
0.003414886344092765
0.0033759077912694445
0.003205718229424773
0.002921761715864651
0.0032002008729823932
0.004033241009997212
0.0027089550868046527
0.0031795664884454317
0.0031283712132898376
0.0034189859746275677
0.0022375580800526023
0.0029639689252237474
0.0030709947178845123
0.003066048347690935
0.00264779793738902
0.0026448752580530413
0.0026810064973090183
0.003372308624697107
0.0026472253738865116
0.0032754100626579585
0.002505414808802349
0.0040374461366846845
0.0031698349603023405
0.002757364242656298
0.003178632347761527
0.003344384797172405
0.003406263717265759
0.0027522108526512675
0.0035494231828953554
0.0033468506823334633
0.0037250217618015847
0.0033874504454583666
0.003209265287492691
0.0031652503515849596
0.0031397770803230423
0.0031615284289608224
0.002920341654929996
0.0031785615021109053
0.0036420760154570685
0.0033471521263337867
0.0029633912251932956
0.0028606618307622463
0.003588767512374981
0.00293041337385837
0.0026865052482070288
0.0033337753290393225
0.0031010778450390876
0.0027862124756856087
0.00317335052589244
0.003376554978957568
0.0032480765164513183
0.003302535794458174
0.00267856663990794
0.001976472919223364
0.0033773821744847764
0.0028609226969455045
0.003163187210880944
0.0029218699625266267
0.0033383520664538855
0.003579569670442252
0.00317399764500751
0.002923957087725288
0.00324073554191417
0.0027476149445274005
0.003794933434184535
0.0027223637686025364
0.003340945495530249
0.0034101339830986516
0.0022927846845618633
0.003198065771639263
0.0031815442340709437
0.0033828163047697818
0.00331021168667606
0.0027875189380067683
0.0033799216613070743
0.002861888783803432
0.0032040105275366122
0.002934205204402039
0.0031705917480083366
0.0034226249036243754
0.003344997197232023
0.0031727937492926996
0.002751054710982518
0.00272101332294032
0.002761516837289979
0.002750682846136205
0.0028857608502036104
0.0029314200760758293
0.002959277989894948
0.0023356680858874768
0.0029242172934424555
0.0033467388389130577
0.0023043354620979374
0.003172830522762191
0.003173579957413476
0.003374704618119734
0.0028901484677245565
0.00293194413794131
0.00348855347020299
0.003991027262201281
0.002682452335073924
0.003421800287174913
0.002756284234108452
0.0031385011736543176
0.0031389116293181873
0.003385590316492358
0.0037910158784163405
0.0026810036013146152
0.0035918492916708735
0.0026847984950223204
0.0023384574739604568
0.002580232522683091
0.0036239382081869054
0.003265797957202179
0.003133894585905526
0.0029623200083744973
0.002548214577990972
0.0035511928600637384
0.003349289742029612
0.0029988859566517055
0.0025136524985800847
0.002889541180389125
0.003543498031643573
0.003384148783201835
0.0032042096724538885
0.002782610355730178
0.003002794867857907
0.003447311478624089
0.0029902246828319556
0.0029246731409322928
0.003414395110415065
0.0031365989917004895
0.003419277690179659
0.0034116648464461263
0.0033418734598388757
0.0033424160381960366
0.003134010822431193
0.003390225535669346
0.003064600678227384
0.0036287456991504793
0.0033807359378833623
0.003167773591689096
0.003441902762006702
0.0033902691337702154
0.002933555652641514
0.0031334893755295616
0.0033443674035080516
0.003378682516517276
0.003379007821328197
0.0025496692912414967
0.002993368272875858
0.0031697978171078656
0.002748453252950803
0.003211623604101552
0.0032756064002128983
0.0031671408753538486
0.003242100795198373
0.00320722451000051
0.00293193042669551
0.0034813120084502404
0.003374523826279369
0.0035953658772553752
0.0027155977363995565
0.0026834497110924957
0.003130876417072137
0.0028285355051914647
0.0035834126026772404
0.00296478726135871
0.0027577955630611584
0.0029621093002361832
0.002677287788425286
0.0033305538293042763
0.0027555132576043166
0.0033370866020956823
0.002745949347428077
0.0031349479490867145
0.0027608584447158307
0.003551922610121389
0.0031652961593044942
0.0029996984928125987
0.0027259974957961177
0.002786639120251363
0.0033112278912741833
0.0036276658970596696
0.0031348095670835313
0.0026840901548264625
0.0033096461519236944
0.0038758596480489363
0.0033830377973664543
0.0033478253424073416
0.0036127732659055564
0.0033718786211563525
0.0034111573777955693
0.0033721036396848767
0.003374721506918744
0.0033347657317079993
0.0028840384948865
0.003382522389867
0.00355441227832488
0.002762852063052962
0.0029243526650754525
0.0034458251236415193
0.003246115249942166
0.003097209226954312
0.0033202077763015486
0.0020601732532095586
0.0037959953127036238
0.003161794978228202
0.002714039912113876
0.003417665468534793
0.0029545227260991285
0.00292061529800975
0.0028929350217486473
0.0024667077392960756
0.0028531838444641445
0.003372326289392152
0.002932358367554047
0.0029301509596252034
0.0027500309119984105
0.00275706347531935
0.003097255010283609
0.003207372329282408
0.0034118923304895356
0.0031622881586936442
0.002891962514525238
0.0033784445088088696
0.00320840275176339
0.002888004348696938
0.00351224775186284
0.0027106276693201277
0.0035878183977618443
0.0033419073872214987
0.003384585511106584
0.0031715094369958955
0.0027231947296486782
0.003297643395768779
0.0031969067918301286
0.0028843902614042456
0.0034130713955067456
0.0025148199665332915
0.003207852686854196
0.003385267966605459
0.003380136391878409
0.00296340546738999
0.0029552763677444588
0.002987658982344479
0.0034081360185470263
0.00361748229693205
0.0032664655643426838
0.0033711037586570793
0.0031282648654158015
0.0030967578064297514
0.00313531642913456
0.0033752143537348457
0.002929561143308343
0.0030022310281527273
0.0026869178287969643
0.002336161359844252
0.0033841519473234234
0.0032137654763338607
0.002750125737768316
0.004115113642043636
0.0027964478170584514
0.002998446424644034
0.0030001491095340716
0.003420880944180642
0.0031048617787495765
0.0036539412435438513
0.0030952921968401656
0.0026436997213077273
0.0025032944415265376
0.003548071468933769
0.003370301343813126
0.002880055968852443
0.0030367232896007846
0.004244606793435522
0.0036254365701042625
0.0028566979932097814
0.00247728849582802
0.0029956872949990013
0.002925180020980944
0.0038971149378058327
0.0029533689750389043
0.003277157947265787
0.0032386934488228035
0.0027215925245946916
0.0027167225760594354
0.0030660159258723433
0.003347186653048376
0.0031326363025850723
0.0033363910640310064
0.0031971269767999016
0.0034069294640636095
0.002926523978563549
0.0030945339288861386
0.003138145720336867
0.0032333515326774635
0.00320611865563464
0.0031763579263479956
0.003618700619586225
0.0032109945513768014
0.003209006247201441
0.0027534987976946083
0.0034176869107346887
0.002718899233961063
0.0030600808693975455
0.003515934379090952
0.0036567805803461965
0.0029248411005538713
0.0032144493872553314
0.0031359537291150165
0.00321087748482239
0.0031414024079739066
0.003617712837793703
0.0031701289383988447
0.0032044898294406967
0.0031321165304923427
0.0034102226766271402
0.0029996357529826715
0.003210367053490834
0.0035514377054153843
0.0029586899839335185
0.0034128190586048715
0.0027869380869793474
0.002549258763754486
0.0030355612928675392
0.0026853893550284995
0.0032058587675596797
0.0036201498367577985
0.003241733122159641
0.003244440230105862
0.00345033012333804
0.002957252543657359
0.003656573900918142
0.0029578550292888527
0.003453306186717652
0.0034454119516034248
0.0027626854401428687
0.002965325321519722
0.003172015322787108
0.0033148902743368957
0.0033759135177829735
0.003103140999250837
0.003370800708793464
0.0030351657307754994
0.003172653310539759
0.003129630435890159
0.002990079585443433
0.002793646738216195
0.0029600182650392874
0.002792886394348083
0.0023350799231650256
0.00324454726083599
0.002786708744601079
0.003100839997521083
0.0031622149569024375
0.0029900441271248765
0.0029177103515456164
0.0032357087337664915
0.003381668856595917
0.0029308239631316594
0.003027077062278378
0.0033438286855674254
0.002221104195926294
0.0029618285400767413
0.0034472421482663385
0.003127631834804646
0.0031661373039655466
0.0030615847647508555
0.0034415119072583014
0.0036183640967866982
0.0031997455728804258
0.003173353557386986
0.0034479145320413
0.002961893680041586
0.0031692486178118984
0.0029201890969629382
0.002710705173315347
0.0031739768802045917
0.003438805700694673
0.002929838645613235
0.00295952165254431
0.0029552592647436944
0.003415463742663545
0.0030296137833818607
0.002890850764856614
0.0031745079573730307
0.003414750052033967
0.0026458099618176315
0.0031379878919840683
0.002947967355802306
0.003483444832328962
0.002750345919098992
0.0031979896769366418
0.0036249729913087844
0.0029413630477344655
0.0025070498577481845
0.003280994048178775
0.0033305735035800478
0.003369827381037297
0.003447802596954708
0.0030296068107982894
0.0036825804155804784
0.003132515133482307
0.002928700113908608
0.0034826659535963362
0.0027151209569567245
0.003164722501687106
0.0032053334185408074
0.0025112557581894266
0.0031748824626787924
0.0033799633812925073
0.003416207474002397
0.0030039313237933446
0.0038643170953489656
0.0034108214640657755
0.0034062391371935366
0.003001266580081377
0.0027123314639265093
0.0037949490053087913
0.003819865026442933
0.0029497504873943797
0.003340720755669457
0.003150097933853412
0.0031725549937518982
0.002834815858643422
0.003001700360251433
0.003005721128189574
0.0027119505369757545
0.00295818594239137
0.003029465964926911
0.0032003149141365214
0.0029272910380430035
0.003424587737865347
0.0026861685822600332
0.0031704071690911136
0.002754968046626459
0.0025462392070543126
0.0031616770830522004
0.0030712422405804983
0.00285433062527897
0.00303787106486335
0.002992513088884832
0.003378708422175129
0.002927966194991362
0.0027133557746701876
0.002052409278758944
0.003135088301656408
0.003213494806919181
0.0027514102082658344
0.0029990693436864266
0.0036257747907934264
0.0030429783268972987
0.0032350510029723095
0.003655194692691147
0.0037950043247021643
0.0027256191625204844
0.002749091528022583
0.003450454541454352
0.002955264748715221
0.0031357363650776847
0.0029652979206813606
0.0038664012147497364
0.0034880540363294425
0.003416232376540359
0.003417145184330732
0.0032396396588152392
0.002754133454438631
0.003171786244750033
0.0029613157640314856
0.0029618191509620377
0.002760958230971381
0.003038551467166982
0.0033127392461940086
0.0028230944441283547
0.0035871051290972
0.003585869570592319
0.0036241407976186696
0.0031688790589604714
0.0032292547644743467
0.0029251481373372364
0.0032415249838064182
0.0029197084301384657
0.0032117237911513173
0.0038629897590985725
0.0034550827930459813
0.003166429512123085
0.00310887594332691
0.003133679678620012
0.003615326921497997
0.003930066860351096
0.003581828845219428
0.0029712721592453795
0.0031357620796407374
0.0032005814484952805
0.0023032153858995948
0.0031268764975115543
0.0031570091740822995
0.0027896775311399944
0.0029310195818424293
0.003008371173587372
0.0034166611440190446
0.003174897498245497
0.0036193380828698335
0.002479728796478662
0.00313560495631294
0.003206985243973626
0.0025483894528058656
0.004079141742469725
0.003378448458526732
0.0027570661817728306
0.004075005558683499
0.002927576801907406
0.0034953355478279428
0.0030040285852978472
0.002478327192299466
0.0034169482888482547
0.0029689848353141534
0.003167326970288904
0.003416737800689652
0.0034156796346748795
0.002938903652275906
0.0034850994496651625
0.0027118966282412634
0.002795161924816617
0.0026862288559832332
0.0030305354449012265
0.0027265106223201127
0.0037613716988786883
0.0035906304029038527
0.0033850370321597285
0.0034169948386821004
0.0029632593745881715
0.00337015659708958
0.0027807345150498287
0.003242618018890274
0.003411027870719313
0.0031668631855279903
0.002507357602418171
0.0029726810489568924
0.002554414758981521
0.0023021957355799784
0.0029671027585389553
0.0023820329334542866
0.003169876750687186
0.0031325852421617588
0.0029155905040403347
0.002992983420797789
0.002511830728030013
0.0031721185985897605
0.0029989721447445886
0.0029264336637627266
0.0027553774536301155
0.0029633042996433274
0.0033718083557719245
0.003103205874776451
0.003034398265418527
0.0027117073418662647
0.0034844226582789756
0.003031268729277483
0.00295652395909594
0.002721260211091637
0.0033795840204587434
0.003442222387827068
0.0031001508808939076
0.003904688812874492
0.003036753092360036
0.002788275543797475
0.003438870065605696
0.002965847599028803
0.0032049411762993503
0.0032388054240972287
0.003168384824117398
0.0025451207935115634
0.0029705688204387974
0.00320879608818347
0.0032010826335331223
0.003133985649795527
0.002720646230014175
0.0033503404465085847
0.003102270124305547
0.002987001830868871
0.0030063612690383636
0.003619201992402506
0.002793000578745416
0.003212432099278347
0.002996594780528745
0.0026569205518660465
0.0027120439105257077
0.003129383028918334
0.0034245075604400145
0.0032050918890516446
0.0029661346268126643
0.0029177016112971405
0.0029672656297816723
0.0031997939854368673
0.003376120146699469
0.0032012642639938195
0.003094372159238896
0.0023056286273998488
0.002756492877661965
0.003180636043383684
0.002476223850223353
0.0022996981260219544
0.002789902869829799
0.0032426610123157847
0.003207849369699112
0.0026849543912919813
0.0025712197194813205
0.002888750450687629
0.002714890812332581
0.0032067849966808744
0.0032103273652764543
0.0027942410598344627
0.0031038098207544643
0.0032006880980270124
0.002967354521743105
0.002720162698014536
0.0028871840043116622
0.003164206580298684
0.0025083961966620646
0.0029709251917275498
0.002546858320279017
0.0031729223417621966
0.002715651616655843
0.0027289778424191558
0.003412028584053745
0.002545662202766622
0.002717964160623629
0.002471655253930661
0.0029554974088739435
0.0029269107072343353
0.0029995980328865273
0.002306619039533982
0.00291986151375638
0.003177682449967146
0.0031662583096882797
0.0034524625319787517
0.0032039317785074535
0.0029185326941662893
0.002758368188434062
0.003213398172091749
0.0027454459565467958
0.0033521041108788095
0.002965491296890278
0.003166309236100923
0.0024702108448286897
0.0024760064190029775
0.0028902650135478763
0.0029231415296216657
0.0033834868656733353
0.0029954420882178983
0.002717339871206817
0.0029601823300750675
0.003205566607983765
0.0034188979139581693
0.0034101618030055736
0.0027501604759850797
0.0034241187319210623
0.0019905959290161725
0.0032045652471072166
0.0025486107454796353
0.0029580540529531006
0.0027455441559886794
0.002927380819870079
0.002751741930360398
0.002684415757490667
0.003030046960206441
0.0025546438700402266
0.0024720665712580645
0.0032478123361394558
0.0028271410749955346
0.0035162629130718387
0.003382869252010047
0.0023334104239770316
0.0026437056481463353
0.002554970341848959
0.002966028515256401
0.002928842572992144
0.00247834930290541
0.0032013223662681277
0.002991470738230687
0.002537310014225985
0.0031700939626298007
0.002966861384034031
0.00352491377075669
0.0029205676355479513
0.003303023514855444
0.002961233503924878
0.0026756421898365052
0.002690182224228254
0.00226504822401166
0.0029331863095411383
0.0034182585424456157
0.0029217983365698716
0.0024667655654744937
0.0027569317388288616
0.003038099051548791
0.0032051241799935337
0.003062679267495702
0.003169251597805505
0.002892075431771649
0.0034500139918876866
0.0028954272842471006
0.002687388751557444
0.002746093517739852
0.003180258821846235
0.0034121753083579945
0.0022720786269530995
0.002539755127890834
0.0029928550621252893
0.002922204969652453
0.0033425686133505897
0.0031369194523803955
0.003305183001559856
0.003175877410770758
0.002094843347734642
0.002547495287995357
0.0028220185291587085
0.0025052057436725306
0.002715511457451229
0.00278674468799244
0.0025457757007167933
0.002757502263804307
0.0031304845302391874
0.00365324316877171
0.0020578669760624485
0.003105090091102626
0.0034130666019730337
0.0025434369546052625
0.0029914165716639417
0.002760455149726777
0.0022608271091315688
0.0029312579523988035
0.0025462844930820507
0.00230813096624896
0.002264916799941528
0.0018533213276891107
0.0025097649949635597
0.0025510809672266584
0.0027887599420717253
0.0029641896910644967
0.002952542131064134
0.0027847193544589077
0.0032082964894654628
0.002797173549775133
0.0027262448023892783
0.0027088042295619367
0.002681760539126082
0.0030235218553661598
0.0030412423253916997
0.0032699044067208234
0.002588504902080893
0.003656178631067369
0.0027456371920328714
0.002935171347775161
0.0026903865307308277
0.0031680219920724832
0.0027568463384600823
0.0036954916122517775
0.003348045478001544
0.002750311324111737
0.0034139834773773345
0.0025024709209214954
0.002823649157645231
0.003166227326160236
0.0032065351476438446
0.00222574716032984
0.0029991698361884495
0.003036972943237617
0.002970458886866421
0.0027474394550390164
0.0026171574790006644
0.0029577120016243946
0.002297783361154212
0.0025119948368548368
0.0034908155089429897
0.0020928764846076366
0.0025130992307004253
0.00313475105200658
0.0027604434529608307
0.003213636916368254
0.0032395560853761126
0.00337908663590051
0.0036569333652845854
0.002721528573050551
0.0025072270550284717
0.0029616719783315823
0.0024734087589261895
0.0029594049976963354
0.0032858132512101775
0.003279589524647411
0.002724621134266903
0.0032046364582475643
0.0027551886638084353
0.0029976971424652715
0.002722979482688907
0.002478635221346239
0.002756498247459755
0.0029644483323920815
0.002964340454326345
0.0027543270418717842
0.003025546069933343
0.0027728303476577325
0.003451912616681832
0.0029240847146668764
0.0025039446432853093
0.0029886798078459036
0.002955183818509653
0.0029976512447191803
0.0024757510926703193
0.0022329808398971096
0.003419778724786151
0.002818226677126001
0.002709745455701501
0.003001276671425673
0.0036626557046060123
0.002344946463170886
0.003228462557815581
0.0025807050201962422
0.002752644639985928
0.002850717897768283
0.002751669023650323
0.0033738486358471115
0.0036196787325199
0.002755551095418717
0.003341482153724142
0.0032359996647012322
0.0024714425630842263
0.0029621883891399036
0.0027595707372102068
0.003023392917770025
0.0020489165659370143
0.003207118604873858
0.0029900319658086134
0.0032738876958840766
0.0031652081372225012
0.003237926234267192
0.003487563520652586
0.002755363286773114
0.002716227216997619
0.002336612281784504
0.0036612267155445243
0.002309852876896706
0.0031801165752125484
0.002545241647714236
0.0029604358072973205
0.0024698044484456
0.00230345992797214
0.0025735765535320593
0.0034485252796398187
0.0027912835110258083
0.003179265888133431
0.0034778701621651915
0.002710304160481305
0.0030071598573055643
0.00300373066503179
0.003240261824632286
0.0032004330132287566
0.0028559201394199305
0.0027425869500886813
0.0027895914321396935
0.0025741505290865236
0.0031995843854924467
0.0029667765297312276
0.0030739983911624792
0.002162854824421777
0.003210704833560493
0.0023408099865218908
0.0030299050630412053
0.0032765666362565885
0.002579719265134098
0.0029965707300538174
0.0027167538693424454
0.002974844608814567
0.00314736453542402
0.003168864465132446
0.002756906769966002
0.002829937770839345
0.002957497390913005
0.003167263039766829
0.0027496824923650895
0.002895275442951007
0.003242646000900603
0.002582070478759029
0.0029937449962966576
0.0025052337968221473
0.003029840732923207
0.0029688937092699407
0.0029980304947371085
0.0029606701517628496
0.0020501269509550935
0.0023390059172790946
0.0032702395767250357
0.002508899948066228
0.0025402524959071762
0.0029646641294745636
0.003200427739334595
0.0031724809066074936
0.0027807635292336676
0.0030331547698631074
0.0027082544673089444
0.002301768464125956
0.0028231407665706867
0.003306800662767036
0.0025766659415220106
0.002789965564559727
0.00253186150410796
0.002327861921670789
0.003176916296870883
0.0023006147626480422
0.001849608561034521
0.0020557702495319864
0.0025091276924699914
0.002411883157883505
0.0027599348213177524
0.003000755404390331
0.0029863939013609095
0.002294839237899818
0.0030408067782771797
0.0027563503229600076
0.002512688326904208
0.0023257177490176736
0.0023414311711968893
0.0027950369939513096
0.002509883870181634
0.0032369992661808577
0.002751120309045952
0.0027190195207322425
0.002961849259992125
0.0023374586916279326
0.00254159873229858
0.0034394981703390584
0.0023012037141633044
0.0028257419660185894
0.0023383173888661553
0.0018444867850457957
0.002509476224039105
0.0030230667284762685
0.002440679339849691
0.0027479813324256088
0.0025063581058743212
0.002272349429751019
0.002986264814066718
0.0027172623819532965
0.002094056490139663
0.0025143678741362673
0.002717449817679358
0.0024087948534507763
0.0030941228246612355
0.0032127420421577094
0.002091749522391578
0.0025475779812371875
0.002539525745377755
0.002551077044916655
0.0027952481142043757
0.002963620288580996
0.0026175565559676695
0.003135113800866211
0.0029623858291583875
0.002614027306634779
0.0022652377605915323
0.0025846530248377466
0.002509552022430648
0.0022970234739659455
0.002543645940451877
0.001851056668033538
0.0025334620257784985
0.0030394660095308303
0.002308119012239936
0.002331106051918335
0.0033982842939027373
0.002059824547522133
0.0029992273293034787
0.0029957227434086516
0.0025421609438215738
0.002366848551191234
0.0025412454810273674
0.0023361983136561274
0.0025859964035020045
0.002081146234603196
0.002548163604728157
0.0030035309679609283
0.0020611392128877743
0.002297743002328129
0.0027549064427235485
0.002579339394656279
0.002948741617318253
0.0022967460649285054
0.0025789182160574323
0.002579340165973532
0.0025076781733802504
0.0023036829653940677
0.0018422912359333445
0.003664568207809388
0.0018497833265431257
0.00275751850729597
0.0024368031719857537
0.0023353578076870728
0.003240961946035676
0.00206303056026685
0.0025412687472039183
0.002753925356575835
0.002785145201320399
0.0027925248579625584
0.0026097899898321554
0.0027489508139661775
0.0026920108761347332
0.001853123991911509
0.0025125480293643346
0.00253983848271087
0.0029605036915775467
0.0027154719728588244
0.0028210860134237773
0.0020580270641744978
0.0020871873524814367
0.002294822442646341
0.0023341913216931172
0.002379014143733666
0.0023071828858272758
0.002270539159792151
0.002370542077231019
0.0020484833919933395
0.0023339744852630562
0.002332027558260698
0.0022990254774147216
0.001892355648579121
0.002546955138516301
0.002339442686268752
0.002228017134506197
0.0020492369203144
0.002758495554478586
0.0025027055117732575
0.0025492140057874727
0.0018459441851227272
0.002618810114974985
0.0026121701619517936
0.0029293613227451415
0.0025456066676241636
0.00275150765571585
0.0025476296501610964
0.002099619199147805
0.0018743104752033278
0.0025518338760342
0.0025714216789853328
0.0025401035734546563
0.002546504817354342
0.0027180944769666115
0.0020586002476425565
0.0022976107911216325
0.0029580389321418902
0.0023321681254143646
0.002165709227035035
0.0025130987117982463
0.00213445603498884
0.002339680815780151
0.0027523207786784845
0.0018817126794900341
0.0020927021602556686
0.0018916452281793634
0.0021218610166280315
0.0014260932206384836
0.002998227790994654
0.002094819496175918
0.002091616293504667
0.003168920654688826
0.002379513623448962
0.0020913437021038792
0.0025446605234534484
0.0021012591494948573
0.002549055961070778
0.0020955320581270676
0.002928240820841389
0.0018480155386100387
0.0021262434304750036
0.002095877633733881
0.0026748219681498485
0.002722815308628698
0.0018783183030284967
0.0023678795859880092
0.003235146280683675
0.0027440702711766587
0.002502031588544009
0.0027497982989412592
0.002336497525729313
0.0030021119593038274
0.0023241654331127744
0.0018144848726243596
0.003133392140957252
0.002087862134314787
0.0020547944678445313
0.0025771022854995797
0.0023030431644949644
0.0018849531412693024
0.0021316730329371406
0.002267338041735097
0.002300236546876287
0.002543747970812563
0.002229726292531175
0.0026128253097722873
0.001919244191070955
0.002688036956049667
0.0025444659395915106
0.0025813755945588855
0.0018450219622451478
0.0027892397577036964
0.002308244255731905
0.0027901856500648515
0.0021275328016875576
0.0018854641835358433
0.0020976561095992
0.0023043973610443764
0.0019193980718365182
0.0025519785214754773
0.0015983580932009934
0.0020231445992811856
0.0019190507565198618
0.0023379114409514345
0.00212370481593646
0.0018872267284044061
0.002090118638741716
0.002329638088738882
0.0020585716362291045
0.002758415167603977
0.0018834269146630808
0.002097241532220518
0.002642835916960481
0.0025403908896270925
0.002553219645608858
0.002126423464258977
0.001683003415487669
0.002090323296195178
0.002295024192475182
0.002332718726607609
0.0023051537747212935
0.002259549469278799
0.0025800439837503453
0.0025464366954818444
0.0023012265744582496
0.00163544229528328
0.0025424695224681216
0.002368907559653779
0.0023716871322925844
0.0025132016671267124
0.002120595588457043
0.002513206656278135
0.002581927680849755
0.00226052573032889
0.0021006347689438327
0.002516305891153422
0.0016399412203953845
0.002953698701239083
0.002516944919829049
0.0025431251004261347
0.0027173674169542186
0.002298113379045437
0.0023019794255364693
0.002371719940659854
0.0020843154818159064
0.002291279695629969
0.001812552089077292
0.002964878373317627
0.0020915607935556297
0.0025406166021084008
0.0025108477548522034
0.0021209119115604596
0.002301241561802875
0.0021315536886087985
0.0023644587477059096
0.002091499611820711
0.0021123640809985367
0.0018900522736844416
0.0020912085802459036
0.001427358832127329
0.002784751102757695
0.0021251483545506006
0.001849048435187658
0.0018775366796537386
0.002333616813295704
0.0025744821972111176
0.0023279202203249807
0.002615525375948724
0.0025140981960960593
0.002260220185772604
0.0016695603634245561
0.0020599974100564532
0.0024757573541720934
0.002514876640361877
0.002303416304753935
0.001687189087993153
0.00229988660620976
0.002340309019077628
0.002370833244440874
0.002304924016306719
0.0021602654444434818
0.0020225495998698537
0.001847800555551541
0.0031076462604104084
0.0024742678796767573
0.0023282482228906606
0.0018457729741922758
0.002339758254872146
0.0018462019848557226
0.0018551750188248234
